9.9753039e-01 7.0236179e-02
3.9811333e-01 -9.1733624e-01
6.2532994e-01 -7.8036047e-01
9.8952952e-01 -1.4433064e-01
-4.2484703e-01 9.0526516e-01
-3.6004999e-01 -9.3293301e-01
-3.0711639e-01 9.5167196e-01
8.1390635e-01 5.8099608e-01
3.4595887e-01 9.3824968e-01
-9.9789413e-01 6.4863706e-02
-1.4523926e-01 9.8939656e-01
2.8835870e-01 -9.5752246e-01
-6.4468577e-02 -9.9791974e-01
3.2252939e-01 -9.4655945e-01
-9.6086862e-01 2.7700449e-01
4.6247714e-01 -8.8663121e-01
-9.7608258e-01 2.1740011e-01
8.9954509e-01 -4.3682791e-01
-9.8122073e-01 1.9288825e-01
-5.0438948e-01 -8.6347626e-01
-8.1670043e-01 -5.7706188e-01
-2.1013605e-01 -9.7767215e-01
-3.8318290e-01 -9.2367249e-01
-2.5287280e-01 9.6749953e-01
-9.6845715e-01 2.4918013e-01
5.8470699e-01 8.1124456e-01
-9.8165693e-01 1.9065591e-01
4.0240544e-01 9.1546156e-01
-9.1262859e-01 4.0878975e-01
-6.5053481e-01 -7.5947644e-01
9.4880234e-01 -3.1587041e-01
-6.6065772e-01 7.5068727e-01
-2.2381775e-01 9.7463101e-01
9.9908493e-01 4.2770242e-02
-2.7265957e-01 -9.6211057e-01
-1.8440358e-01 -9.8285061e-01
5.8571018e-01 8.1052057e-01
-6.7909481e-01 -7.3405057e-01
8.2118416e-01 5.7066327e-01
-1.5601563e-01 9.8775459e-01
9.9164460e-01 1.2899998e-01
-5.4671098e-02 9.9850442e-01
-8.1647098e-01 -5.7738647e-01
2.6411340e-01 -9.6449164e-01
3.6419055e-01 9.3132446e-01
-9.9589847e-01 -9.0477837e-02
2.7340514e-01 9.6189897e-01
2.9782615e-01 9.5462013e-01
7.4040979e-01 -6.7215574e-01
-9.5450722e-01 2.9818781e-01
1.6450162e-01 9.8637681e-01
5.0672932e-01 -8.6210521e-01
-8.0193607e-01 5.9740986e-01
-8.5854563e-01 -5.1273716e-01
4.4510575e-01 -8.9547801e-01
-7.7523649e-01 6.3167110e-01
-9.8468559e-01 1.7433955e-01
9.8901459e-01 1.4781795e-01
-6.2420948e-01 7.8125702e-01
-9.6530036e-01 2.6114213e-01
8.9835588e-01 -4.3926839e-01
-8.4886536e-01 5.2860912e-01
9.7594364e-01 2.1802297e-01
9.7881486e-01 2.0474731e-01
5.5643130e-01 -8.3089362e-01
5.1982480e-01 -8.5427289e-01
-9.7459602e-01 -2.2397008e-01
7.1810429e-01 -6.9593551e-01
6.8932881e-01 7.2444861e-01
9.7897641e-01 -2.0397349e-01
4.5338014e-01 8.9131725e-01
-3.3805780e-01 -9.4112535e-01
3.2860847e-01 9.4446624e-01
-2.2181173e-01 9.7508951e-01
-5.0028455e-01 -8.6586106e-01
-4.0655485e-02 9.9917322e-01
-9.6368300e-01 -2.6704884e-01
9.2388698e-01 -3.8266545e-01
-8.5283636e-01 -5.2217826e-01
9.6598145e-01 -2.5861135e-01
-9.7428495e-01 -2.2531940e-01
8.1381333e-01 5.8112638e-01
6.2679138e-01 -7.7918712e-01
-6.9272557e-01 -7.2120127e-01
-6.6663854e-01 7.4538115e-01
-8.5847005e-01 -5.1286370e-01
-7.4451769e-01 6.6760274e-01
3.5315559e-02 -9.9937621e-01
9.9304399e-01 -1.1774395e-01
1.1413042e-03 9.9999935e-01
2.6275277e-01 9.6486319e-01
9.2261286e-02 -9.9573483e-01
-2.5423039e-02 -9.9967678e-01
9.8965259e-01 -1.4348433e-01
8.4329079e-01 5.3745758e-01
-2.1376298e-01 9.7688556e-01
3.9258043e-01 9.1971768e-01
-9.5613387e-01 -2.9293005e-01
-9.3779168e-01 -3.4719846e-01
-6.1077260e-01 -7.9180606e-01
-3.6469767e-01 9.3112599e-01
-4.7821144e-01 -8.7824474e-01
9.9961987e-01 2.7570055e-02
-8.7900203e-02 -9.9612929e-01
-5.5352177e-01 -8.3283470e-01
9.8442006e-01 -1.7583274e-01
9.3657630e-01 -3.5046373e-01
6.1656479e-01 7.8730417e-01
4.1280837e-01 9.1081790e-01
4.3448473e-01 9.0067920e-01
8.9178568e-01 -4.5245806e-01
5.8215385e-01 8.1307865e-01
9.2116954e-01 -3.8916152e-01
9.0330775e-01 -4.2899313e-01
9.9613522e-01 -8.7832904e-02
9.4661262e-02 9.9550954e-01
5.6010251e-01 -8.2842331e-01
1.3587771e-02 9.9990768e-01
9.3708130e-01 3.4911121e-01
4.0773420e-01 9.1310066e-01
-7.7927014e-01 6.2668816e-01
-9.2388405e-01 3.8267253e-01
-5.8613991e-01 -8.1020985e-01
-7.9107442e-02 -9.9686610e-01
9.0533526e-01 4.2469763e-01
-8.8649285e-01 4.6274229e-01
-1.6526679e-01 -9.8624890e-01
9.8001590e-01 -1.9891916e-01
