-4.9163194e-01 8.7080310e-01
-5.7582699e-01 -8.1757157e-01
9.6994202e-01 2.4333614e-01
5.4615176e-01 8.3768625e-01
3.4427661e-01 9.3886826e-01
-3.8221488e-02 -9.9926929e-01
-8.9504812e-01 -4.4596957e-01
-9.2704916e-01 3.7493981e-01
-3.4006999e-01 9.4040013e-01
8.4456449e-01 -5.3545384e-01
-2.7183455e-01 -9.6234400e-01
-2.7684730e-01 9.6091392e-01
-6.8959170e-01 -7.2419838e-01
7.1803393e-02 -9.9741881e-01
-9.6716326e-01 -2.5415593e-01
5.2608839e-01 8.5042990e-01
-3.8651487e-01 9.2228317e-01
7.7534773e-01 -6.3153455e-01
6.4251582e-01 -7.6627242e-01
-6.0664639e-01 -7.9497180e-01
4.3559548e-01 -9.0014253e-01
3.9409408e-03 -9.9999223e-01
-8.4357104e-01 -5.3701760e-01
-6.8768334e-01 7.2601076e-01
-7.3606723e-01 6.7690844e-01
6.8443039e-01 -7.2907821e-01
4.5473318e-01 -8.9062772e-01
8.4323592e-01 5.3754366e-01
-9.7783517e-01 2.0937615e-01
-1.3464827e-02 -9.9990935e-01
-2.5537413e-02 -9.9967387e-01
9.9882329e-01 -4.8497743e-02
5.5185857e-01 8.3393772e-01
6.6255148e-02 9.9780271e-01
-9.9996323e-01 -8.5752727e-03
-8.3989262e-01 -5.4275260e-01
-9.1734946e-01 3.9808287e-01
-3.2004524e-01 -9.4740226e-01
9.9986123e-01 1.6658869e-02
9.8775657e-01 -1.5600309e-01
-7.4442209e-01 -6.6770933e-01
-9.1778914e-02 9.9577941e-01
5.2368845e-01 -8.5190986e-01
-7.7759451e-01 -6.2876607e-01
3.0666542e-01 -9.5181738e-01
-3.5587715e-01 9.3453275e-01
-1.9168378e-01 9.8145674e-01
-4.8189554e-01 8.7622867e-01
-8.6776377e-01 4.9697689e-01
-5.1475192e-01 -8.5733918e-01
9.4408702e-01 -3.2969637e-01
4.2317252e-01 9.0604913e-01
-7.4391588e-01 -6.6827327e-01
-8.9232434e-01 4.5139480e-01
4.8368711e-02 9.9882955e-01
8.5400116e-01 -5.2027111e-01
-9.9881870e-01 4.8592298e-02
8.5738100e-01 -5.1468225e-01
9.7545785e-01 2.2018623e-01
9.7584278e-01 -2.1847398e-01
-1.5022994e-01 9.8865108e-01
6.3914677e-01 7.6908478e-01
-9.4321260e-01 -3.3218968e-01
8.6905969e-01 -4.9470724e-01
9.9694982e-01 7.8045193e-02
-9.6435617e-01 -2.6460759e-01
9.7243684e-01 -2.3316643e-01
9.6148892e-01 -2.7484370e-01
7.3220963e-01 -6.8107934e-01
-4.9422718e-01 8.6933279e-01
8.7429470e-01 -4.8539548e-01
-2.5625759e-01 9.6660853e-01
7.0283611e-01 7.1135182e-01
-9.4426573e-01 3.2918418e-01
-8.0154740e-01 -5.9793123e-01
-9.0413754e-01 4.2724152e-01
-9.6755187e-01 -2.5267246e-01
3.9339919e-02 -9.9922589e-01
-5.2088895e-01 8.5362445e-01
-5.6674446e-01 8.2389363e-01
-9.9999170e-01 -4.0748663e-03
-9.6489685e-01 -2.6262914e-01
3.8063693e-01 9.2472457e-01
-1.8937669e-01 9.8190451e-01
3.5898909e-01 9.3334176e-01
8.1426591e-01 -5.8049206e-01
6.1795565e-01 7.8621296e-01
-1.9163025e-01 9.8146719e-01
-5.6295174e-01 8.2648977e-01
-7.9956081e-01 6.0058515e-01
9.9861885e-01 5.2539529e-02
-7.3311046e-01 6.8010959e-01
-1.1190620e-01 9.9371877e-01
7.0538861e-01 -7.0882079e-01
-4.6052022e-01 -8.8764921e-01
9.9812288e-01 -6.1243170e-02
9.5335709e-01 3.0184477e-01
-9.5594073e-01 2.9355973e-01
5.3693333e-01 8.4362468e-01
7.9505464e-01 6.0653782e-01
-5.5561374e-01 8.3144054e-01
8.1603157e-02 9.9666490e-01
-1.1303075e-01 -9.9359149e-01
-6.0541482e-01 7.9591011e-01
9.2556438e-01 3.7859024e-01
-3.6051218e-01 -9.3275451e-01
8.7481673e-01 4.8445400e-01
8.2892270e-01 5.5936318e-01
6.1530592e-01 7.8828842e-01
-6.5862354e-01 -7.5247261e-01
-5.6160510e-01 -8.2740541e-01
4.7021445e-01 8.8255219e-01
9.7013794e-01 2.4255386e-01
-8.8859768e-01 4.5868743e-01
9.9994418e-01 1.0565796e-02
-3.6365571e-01 9.3153343e-01
-9.6493252e-01 -2.6249806e-01
-9.5812291e-01 -2.8635729e-01
5.1808284e-01 -8.5533045e-01
-4.1764092e-01 -9.0861216e-01
4.7663582e-02 -9.9886345e-01
5.6727919e-01 -8.2352554e-01
5.8145230e-01 -8.1358050e-01
-2.4165285e-01 -9.7036277e-01
9.6094701e-01 -2.7673244e-01
-8.6369866e-01 5.0400855e-01
-8.5049104e-01 5.2598953e-01
-4.9628264e-01 8.6816101e-01
