2.4628503e-01 9.6919744e-01
-7.9086964e-01 6.1198466e-01
-1.0290466e-01 -9.9469122e-01
6.2524299e-01 7.8043014e-01
9.3181590e-01 3.6293129e-01
3.0152487e-01 -9.5345831e-01
-7.7382134e-01 6.3340392e-01
6.6748405e-01 7.4462409e-01
8.4252558e-01 5.3865633e-01
-5.7369425e-01 8.1906954e-01
-1.2095544e-01 9.9265794e-01
8.4964533e-01 -5.2735454e-01
-2.9347284e-01 9.5596741e-01
-6.2216553e-01 -7.8288572e-01
-5.3566612e-02 9.9856428e-01
8.9707463e-01 4.4187907e-01
1.0663017e-01 -9.9429875e-01
-9.8815586e-01 -1.5345356e-01
-4.6444617e-02 9.9892087e-01
-9.6000885e-01 2.7996965e-01
-9.8499955e-01 1.7255692e-01
2.7372785e-01 -9.6180719e-01
-9.6108612e-01 2.7624893e-01
8.6149334e-01 -5.0776887e-01
9.2857856e-01 -3.7113590e-01
5.1144321e-01 -8.5931708e-01
-9.5514668e-01 -2.9613312e-01
9.9697039e-01 -7.7781979e-02
8.7387762e-01 4.8614596e-01
9.9733632e-01 -7.2940115e-02
9.8273429e-01 1.8502247e-01
-9.9789012e-01 -6.4925335e-02
9.5448298e-01 2.9826538e-01
1.6582443e-01 -9.8615529e-01
-7.9507047e-01 6.0651706e-01
-7.9479765e-01 -6.0687453e-01
2.8342186e-01 9.5899533e-01
8.4301397e-01 5.3789167e-01
4.0680270e-01 -9.1351604e-01
2.5271519e-01 -9.6754071e-01
-2.7200316e-01 9.6229636e-01
6.1734367e-01 7.8669358e-01
-9.7041451e-01 -2.4144497e-01
-7.7857747e-01 6.2754850e-01
-4.0228373e-01 -9.1551505e-01
-7.1308343e-01 -7.0107919e-01
-9.9517414e-01 9.8124524e-02
-9.8907867e-01 1.4738856e-01
4.2169771e-01 9.0673648e-01
-9.9476008e-01 -1.0223688e-01
9.9493718e-01 -1.0049878e-01
5.3600209e-01 -8.4421666e-01
9.9921581e-01 -3.9594982e-02
8.3921825e-01 5.4379475e-01
8.9189816e-01 -4.5223630e-01
7.6273704e-01 6.4670875e-01
-5.5084104e-02 -9.9848172e-01
-9.9118013e-01 -1.3252152e-01
8.8189755e-01 4.7144110e-01
-9.8414387e-01 -1.7737207e-01
-9.8713952e-01 -1.5986107e-01
-1.8037887e-01 9.8359721e-01
-5.3379726e-01 8.4561249e-01
-9.7798387e-01 2.0868050e-01
4.4132795e-01 -8.9734589e-01
-8.6667401e-01 -4.9887489e-01
-4.6992635e-02 -9.9889524e-01
-3.8710196e-02 9.9925048e-01
-2.3193907e-01 -9.7273032e-01
-4.5365347e-01 -8.9117817e-01
-8.8426680e-01 4.6698203e-01
-4.5656810e-01 -8.8968847e-01
4.0175055e-01 -9.1574914e-01
7.1659224e-01 -6.9749234e-01
-4.7661266e-01 -8.7911340e-01
8.0687026e-01 5.9072868e-01
2.2400025e-01 9.7458909e-01
-5.1939289e-01 8.5453556e-01
8.1882559e-01 -5.7404239e-01
-6.9940059e-01 7.1472989e-01
9.2936757e-01 -3.6915568e-01
-4.6025912e-01 -8.8778463e-01
5.5534503e-01 8.3162004e-01
4.0019581e-02 -9.9919890e-01
-8.1768477e-01 -5.7566623e-01
9.7081385e-01 2.3983425e-01
-9.5975055e-01 2.8085386e-01
9.7822366e-01 -2.0755355e-01
-8.9776762e-01 4.4046940e-01
-9.8034477e-01 -1.9729202e-01
-2.5793451e-01 9.6616240e-01
-5.9336699e-01 -8.0493205e-01
8.5064691e-01 -5.2573741e-01
-5.3083311e-01 8.4747638e-01
3.0196103e-01 9.5332027e-01
8.7766225e-02 -9.9614110e-01
-7.3040774e-01 6.8301137e-01
8.9996847e-01 4.3595499e-01
4.1949485e-01 -9.0775771e-01
8.5798028e-01 -5.1368263e-01
-5.4280512e-01 8.3985868e-01
-2.6000927e-02 -9.9966192e-01
-7.2404783e-01 6.8974977e-01
9.9927164e-01 3.8160083e-02
8.1279437e-01 -5.8255069e-01
2.2905551e-01 9.7341336e-01
8.3911643e-01 5.4395186e-01
-9.5041085e-01 -3.1099715e-01
-9.9495330e-01 -1.0033904e-01
9.8607781e-01 -1.6628456e-01
-1.7566562e-01 9.8444989e-01
-9.6742878e-01 -2.5314335e-01
-2.3270694e-01 -9.7254690e-01
9.9522953e-01 9.7561141e-02
9.9576263e-01 -9.1960823e-02
8.4556314e-01 -5.3387542e-01
5.8957816e-02 -9.9826048e-01
-8.3458974e-01 5.5087200e-01
9.5607972e-01 2.9310676e-01
-8.0961456e-01 -5.8696189e-01
5.0663724e-01 8.6215933e-01
5.3646956e-01 -8.4391967e-01
-6.2493918e-01 7.8067344e-01
3.5957653e-02 9.9935331e-01
9.6506399e-01 2.6201431e-01
2.9047177e-01 9.5688356e-01
6.5324147e-01 7.5714964e-01
-1.5678473e-01 -9.8763280e-01
