-2.6617295e-01 -9.6392529e-01
2.4366663e-01 9.6985905e-01
-4.8837030e-01 -8.7263649e-01
-8.2077613e-01 5.7124999e-01
-9.4833583e-01 -3.1726825e-01
-9.7949436e-01 -2.0147158e-01
-1.1571779e-01 -9.9328213e-01
9.3335048e-01 -3.5896641e-01
8.7717058e-01 4.8017890e-01
7.6362198e-01 -6.4566359e-01
5.5291395e-03 9.9998471e-01
-8.5293242e-01 5.2202135e-01
2.4770147e-01 -9.6883641e-01
1.7082188e-01 9.8530193e-01
8.0625891e-01 5.9156282e-01
-1.2526222e-01 -9.9212367e-01
6.5424311e-01 7.5628431e-01
-1.1694883e-02 9.9993161e-01
9.9995456e-01 -9.5331509e-03
7.5501078e-01 6.5571238e-01
-2.4977058e-01 9.6830504e-01
9.8811330e-01 -1.5372740e-01
-9.8859056e-01 -1.5062769e-01
4.0406170e-01 9.1473173e-01
9.9786245e-01 -6.5349260e-02
9.4235473e-01 -3.3461554e-01
-3.2311174e-01 -9.4636082e-01
-9.4916457e-01 3.1478028e-01
-2.2851318e-01 -9.7354082e-01
-9.9980415e-01 -1.9790293e-02
3.8749529e-01 9.2187168e-01
-2.4363381e-01 -9.6986729e-01
-4.9903402e-01 8.6658240e-01
-9.0947637e-01 4.1575562e-01
4.4906141e-01 8.9350090e-01
6.5670759e-01 -7.5414531e-01
-8.6710217e-01 4.9813033e-01
-6.5881322e-01 -7.5230655e-01
3.9377547e-02 9.9922440e-01
8.4315590e-01 5.3766917e-01
-4.5690239e-01 -8.8951684e-01
-9.4562282e-01 -3.2526524e-01
9.9324299e-01 1.1605328e-01
9.4314056e-01 3.3239416e-01
9.9507286e-01 -9.9146406e-02
1.2901722e-01 -9.9164235e-01
5.8025605e-01 8.1443411e-01
-9.7987906e-01 1.9959215e-01
4.5864855e-01 -8.8861775e-01
6.5353659e-01 -7.5689492e-01
-4.5649460e-02 -9.9895752e-01
-7.0464322e-01 -7.0956178e-01
-7.7812299e-01 6.2811194e-01
-9.9676053e-01 8.0426689e-02
-7.3204366e-01 -6.8125772e-01
-9.9195098e-01 1.2662250e-01
-8.6873781e-01 -4.9527227e-01
2.1580946e-01 -9.7643550e-01
6.7264218e-01 7.3996790e-01
5.9193307e-01 -8.0598712e-01
9.2919554e-01 -3.6958849e-01
1.7899935e-01 9.8384919e-01
6.0467534e-01 -7.9647205e-01
9.4903472e-01 3.1517155e-01
3.3307394e-01 -9.4290071e-01
-9.8825873e-01 -1.5278965e-01
8.3796925e-01 5.4571745e-01
-7.8330967e-01 6.2163169e-01
9.9171770e-01 -1.2843679e-01
9.5704141e-01 -2.8995127e-01
5.1191540e-01 8.5903587e-01
1.2348200e-01 -9.9234681e-01
1.8223132e-01 9.8325569e-01
-9.2054446e-01 -3.9063780e-01
-3.6847724e-01 9.2963677e-01
3.2579307e-01 -9.4544110e-01
8.0415484e-01 5.9441987e-01
6.0711716e-01 -7.9461233e-01
-9.6068141e-01 -2.7765307e-01
9.8032698e-01 -1.9738037e-01
-7.3031195e-01 -6.8311379e-01
9.8382956e-01 -1.7910724e-01
-1.4417943e-01 -9.8955156e-01
-2.0754784e-01 -9.7822487e-01
6.4446468e-01 -7.6463408e-01
9.9027292e-01 1.3913857e-01
1.4878145e-02 9.9988931e-01
8.3744255e-01 -5.4652536e-01
-9.8915523e-01 -1.4687383e-01
-5.6052194e-01 -8.2813957e-01
-3.3654587e-01 -9.4166707e-01
6.7739063e-01 7.3562350e-01
-5.4155674e-01 8.4066420e-01
-3.3751068e-01 -9.4132170e-01
8.4685017e-01 5.3183154e-01
-5.1268742e-02 9.9868489e-01
-1.4251047e-01 -9.8979329e-01
1.8425018e-01 -9.8287938e-01
-8.6267389e-01 -5.0576058e-01
-4.4800106e-02 9.9899597e-01
-9.9998498e-01 5.4810176e-03
9.9909544e-01 -4.2524074e-02
7.2090593e-01 6.9303293e-01
-4.7979215e-01 8.7738218e-01
8.8144680e-01 4.7228333e-01
-9.9641740e-01 8.4571680e-02
9.2915279e-01 -3.6969595e-01
9.9954135e-01 3.0283643e-02
6.0291654e-01 7.9780426e-01
-9.0586666e-01 4.2356298e-01
-8.7924927e-01 -4.7636197e-01
9.4679613e-01 3.2183394e-01
-1.9035140e-01 9.8171602e-01
-9.3804402e-01 -3.4651612e-01
8.3623714e-01 5.4836798e-01
2.8070876e-01 -9.5979300e-01
-8.4456488e-01 5.3545324e-01
-1.1691081e-01 9.9314242e-01
-8.8034779e-01 4.7432875e-01
-9.3782920e-01 -3.4709708e-01
1.0026986e-01 9.9496028e-01
-8.5725754e-01 -5.1488786e-01
7.5131770e-01 6.5994070e-01
-5.3187941e-01 8.4682011e-01
-1.2295328e-01 -9.9241246e-01
6.8316360e-01 -7.3026536e-01
7.6303680e-01 6.4635504e-01
5.6064464e-01 8.2805651e-01
