-1.0877114e-02 9.9994084e-01
-7.5426784e-01 6.5656685e-01
-9.3605989e-01 -3.5184071e-01
5.9423605e-01 -8.0429069e-01
-4.9554440e-01 8.6858261e-01
-3.5315145e-01 -9.3556617e-01
9.8514949e-01 1.7169882e-01
-6.4999526e-01 7.5993826e-01
-9.7072204e-01 -2.4020558e-01
2.8915582e-03 -9.9999582e-01
9.3603927e-03 -9.9995619e-01
1.5029577e-01 -9.8864108e-01
-7.9112270e-01 6.1165748e-01
-4.9946090e-01 -8.6633643e-01
7.0845229e-01 -7.0575871e-01
-9.8915638e-01 -1.4686614e-01
-5.9818242e-01 -8.0135996e-01
8.8717535e-01 -4.6143243e-01
-4.9105811e-01 8.7112682e-01
8.4303440e-03 -9.9996446e-01
9.9792705e-01 -6.4355228e-02
7.4861953e-01 6.6299985e-01
3.4510643e-01 9.3856356e-01
9.6415884e-01 2.6532569e-01
9.9864530e-01 -5.2034262e-02
-9.9990951e-01 1.3452842e-02
6.1711221e-01 7.8687516e-01
-9.9976760e-01 2.1558062e-02
1.4291518e-01 -9.8973494e-01
5.1188548e-01 -8.5905370e-01
-7.7723348e-01 -6.2921229e-01
9.1872317e-01 -3.9490218e-01
9.4840840e-01 3.1705127e-01
-9.6356492e-01 -2.6747455e-01
-9.9468863e-01 1.0292973e-01
-5.1046370e-01 8.5989930e-01
9.9920087e-01 3.9970289e-02
9.0594220e-01 -4.2340138e-01
1.5592477e-01 -9.8776893e-01
7.4572887e-02 9.9721557e-01
-8.3517295e-01 5.4998740e-01
8.6934460e-02 -9.9621403e-01
-4.0611247e-01 -9.1382310e-01
4.5098331e-01 -8.9253238e-01
3.8541717e-01 -9.2274244e-01
-3.6761253e-01 9.2997905e-01
-4.8306537e-01 -8.7558429e-01
-8.4726003e-01 -5.3117835e-01
6.0338729e-01 -7.9744829e-01
1.1757091e-01 9.9306449e-01
9.9523501e-01 9.7505235e-02
2.5951921e-01 -9.6573795e-01
4.9058137e-01 8.7139538e-01
9.9491876e-01 1.0068096e-01
6.4550753e-02 -9.9791443e-01
-1.0370322e-01 -9.9460829e-01
-2.8525400e-01 -9.5845196e-01
-2.0647618e-01 9.7845163e-01
3.1156436e-01 -9.5022505e-01
-9.5925968e-01 -2.8252586e-01
-8.6559114e-01 -5.0075141e-01
-8.1784407e-01 5.7543990e-01
-7.7598033e-01 -6.3075711e-01
9.8008863e-01 1.9856051e-01
8.4359404e-01 -5.3698147e-01
-3.4312755e-01 -9.3928882e-01
-1.6833031e-01 9.8573065e-01
-8.1282280e-01 -5.8251103e-01
6.1525443e-01 7.8832861e-01
4.3974375e-01 -8.9812328e-01
9.6923019e-01 2.4615614e-01
-8.9989005e-01 -4.3611684e-01
9.0093201e-01 -4.3396027e-01
9.9325556e-01 1.1594562e-01
9.9139428e-01 -1.3090984e-01
9.3800750e-01 -3.4661496e-01
7.9800181e-01 6.0265506e-01
5.2540026e-01 -8.5085520e-01
9.9376879e-01 1.1146119e-01
-6.5385419e-01 -7.5662058e-01
-5.5833898e-01 8.2961291e-01
-7.6964740e-01 -6.3846916e-01
8.5787899e-01 -5.1385177e-01
2.6172985e-01 9.6514117e-01
6.4723860e-01 7.6228748e-01
6.2641168e-01 7.7949240e-01
-8.1168072e-01 -5.8410136e-01
-9.9875371e-01 4.9910186e-02
9.3538956e-01 -3.5361897e-01
9.4425059e-01 3.2922761e-01
2.8067415e-01 9.5980312e-01
-8.5064082e-01 -5.2574728e-01
4.2888614e-01 -9.0335855e-01
6.7472180e-01 7.3807214e-01
-7.0801691e-01 -7.0619548e-01
-9.9998089e-01 6.1816656e-03
-6.1036701e-01 7.9211875e-01
-3.2223943e-01 9.4665820e-01
-7.0045567e-01 -7.1369591e-01
-3.5119553e-01 -9.3630214e-01
-1.7238963e-01 9.8502884e-01
-9.9229346e-01 1.2391000e-01
-5.9408500e-01 -8.0440227e-01
3.5234404e-01 9.3587054e-01
9.5427785e-01 -2.9892104e-01
8.1523867e-01 -5.7912513e-01
4.6609008e-01 8.8473727e-01
5.1017784e-01 -8.6006894e-01
-8.5736539e-01 5.1470825e-01
-9.5927035e-01 -2.8248964e-01
5.4031618e-01 8.4146208e-01
6.9380800e-01 7.2016002e-01
-6.3756776e-01 7.7039428e-01
7.7943346e-01 6.2648502e-01
1.9475892e-01 -9.8085114e-01
-5.0213219e-01 -8.6479088e-01
6.5299223e-01 -7.5736460e-01
9.8233605e-01 1.8712530e-01
-2.0466019e-01 9.7883308e-01
-4.5689691e-01 8.8951965e-01
-4.6868661e-01 -8.8336451e-01
1.6153305e-01 -9.8686730e-01
9.6354871e-01 -2.6753295e-01
4.0657983e-01 9.1361526e-01
9.1912008e-01 -3.9397751e-01
9.9619427e-01 -8.7160653e-02
6.6671460e-01 7.4531312e-01
8.4757460e-01 -5.3067627e-01
