-3.9363957e-01 9.1926486e-01
-8.3605601e-01 5.4864410e-01
-4.7402624e-01 -8.8051072e-01
5.5189846e-01 8.3391132e-01
-8.6122058e-01 -5.0823135e-01
7.2588997e-01 6.8781084e-01
9.7052308e-01 -2.4100819e-01
2.7577518e-01 -9.6122216e-01
-7.5675958e-01 -6.5369330e-01
-7.6698102e-02 9.9705436e-01
9.6963540e-01 -2.4455509e-01
7.1406769e-01 -7.0007666e-01
9.9013690e-01 -1.4010321e-01
-6.5602061e-01 7.5474298e-01
9.8726691e-01 -1.5907248e-01
9.8714675e-01 -1.5981646e-01
5.2112102e-01 8.5348279e-01
6.5461411e-01 7.5596321e-01
9.9095390e-01 -1.3420275e-01
-1.7848237e-01 9.8394311e-01
1.6467461e-01 -9.8634795e-01
5.6341617e-01 8.2617324e-01
9.9101728e-01 -1.3373384e-01
4.5237552e-01 8.9182756e-01
3.6703520e-01 -9.3020705e-01
8.5885476e-01 5.1221919e-01
9.9138304e-01 1.3099493e-01
-9.6190430e-01 2.7338639e-01
-8.6945978e-01 4.9400373e-01
-5.5620418e-01 -8.3104568e-01
9.7755571e-01 -2.1067707e-01
-6.9554765e-01 -7.1847997e-01
7.9319461e-01 6.0896824e-01
3.1558377e-02 9.9950191e-01
-4.5839482e-01 8.8874866e-01
-8.0674192e-01 -5.9090395e-01
1.5563001e-02 -9.9987889e-01
-9.9581734e-01 -9.1366405e-02
-1.7679640e-01 -9.8424744e-01
-6.2424613e-01 7.8122774e-01
9.9998155e-01 6.0749475e-03
-7.8372994e-01 -6.2110175e-01
9.8700608e-01 1.6068292e-01
5.8218117e-01 8.1305909e-01
-9.8357872e-01 1.8047966e-01
2.3368019e-02 -9.9972693e-01
5.3855822e-01 -8.4258830e-01
-9.3319671e-01 -3.5936596e-01
9.6789576e-01 -2.5135194e-01
1.9891509e-01 9.8001673e-01
-3.6267230e-01 9.3191674e-01
-4.1390379e-01 9.1032063e-01
5.3268205e-01 8.4631545e-01
5.1744795e-01 -8.5571468e-01
-7.8197584e-01 -6.2330874e-01
-4.7258822e-01 -8.8128337e-01
-3.9098522e-01 9.2039696e-01
-7.0558043e-01 7.0862985e-01
4.8978380e-01 -8.7184393e-01
-9.3341066e-01 3.5880989e-01
-2.3428727e-01 -9.7216741e-01
8.8000536e-01 -4.7496374e-01
-3.0670606e-01 9.5180428e-01
-8.6982735e-01 4.9335625e-01
9.4649890e-01 3.2270705e-01
-3.8712880e-01 9.2202565e-01
4.3699635e-01 8.9946328e-01
3.1085788e-01 9.5045641e-01
8.3539626e-01 -5.4964815e-01
7.9349909e-01 6.0857144e-01
8.3636563e-01 5.4817200e-01
2.9221516e-01 9.5635260e-01
-9.8872467e-01 1.4974485e-01
-4.0789389e-01 9.1302934e-01
5.4138264e-01 -8.4077633e-01
5.8292731e-01 -8.1252431e-01
6.6745950e-01 -7.4464610e-01
-7.8781219e-01 6.1591554e-01
-8.2870710e-01 -5.5968253e-01
-6.6832991e-01 7.4386499e-01
4.5906385e-01 -8.8840328e-01
7.5912086e-01 6.5094971e-01
-3.1227808e-01 9.4999074e-01
-5.2111134e-02 9.9864129e-01
9.5573415e-01 -2.9423159e-01
9.9982312e-01 -1.8807881e-02
-7.2496943e-01 -6.8878105e-01
9.9517487e-01 -9.8117177e-02
-5.4486573e-01 8.3852331e-01
9.3278397e-01 3.6043595e-01
-4.9747430e-01 8.6747872e-01
-9.1770885e-01 3.9725366e-01
4.6904357e-01 -8.8317503e-01
-5.2588957e-01 -8.5055286e-01
1.0974450e-01 -9.9395983e-01
-7.7666871e-01 6.2990929e-01
2.9157160e-01 -9.5654901e-01
-6.3362824e-01 7.7363767e-01
8.4266953e-01 -5.3843111e-01
-7.0810417e-02 -9.9748979e-01
9.9725075e-01 -7.4100923e-02
-1.0547240e-01 -9.9442223e-01
-8.7548272e-01 4.8324942e-01
-9.9077983e-01 -1.3548183e-01
4.6433962e-01 -8.8565722e-01
2.6567041e-01 -9.6406392e-01
6.4893941e-01 -7.6084009e-01
-9.9497392e-01 1.0013437e-01
9.9751399e-01 7.0468729e-02
-9.6087792e-01 -2.7697224e-01
-9.0732578e-01 4.2042827e-01
9.8538236e-01 1.7035731e-01
4.4128881e-02 9.9902585e-01
-3.1181873e-01 9.5014161e-01
-3.6795067e-01 -9.2984531e-01
-2.7060337e-01 -9.6269092e-01
-6.4289667e-01 7.6595292e-01
-7.4334481e-01 6.6890843e-01
-9.9892556e-01 4.6343592e-02
4.3749965e-01 -8.9921858e-01
5.6229433e-01 8.2693718e-01
9.9788556e-01 6.4995447e-02
-2.4936834e-01 9.6840871e-01
8.8875510e-01 -4.5838235e-01
-2.8036649e-01 9.5989303e-01
-1.0817479e-01 -9.9413189e-01
6.3949574e-01 7.6879464e-01
6.2153163e-01 -7.8338907e-01
