-9.7324204e-01 -2.2978236e-01
8.3956643e-01 5.4325704e-01
-9.4778331e-01 -3.1891503e-01
-1.5526673e-01 9.8787258e-01
-4.1084698e-01 -9.1170431e-01
6.1194333e-01 7.9090161e-01
9.6575967e-01 2.5943835e-01
-8.2183796e-01 5.6972131e-01
-9.8169736e-01 1.9044759e-01
2.1494654e-01 9.7662582e-01
7.6387478e-01 -6.4536449e-01
-5.8742312e-01 8.0927997e-01
-9.9986188e-01 1.6620189e-02
-9.9992813e-01 -1.1988934e-02
-2.9618160e-01 -9.5513165e-01
-8.3331362e-01 5.5280051e-01
-9.6549701e-01 2.6041415e-01
-7.7605754e-01 -6.3066211e-01
-7.4678472e-02 9.9720766e-01
-8.3976057e-01 5.4295689e-01
6.9635303e-01 7.1769942e-01
9.9823332e-01 5.9415740e-02
-9.4844122e-01 3.1695308e-01
-3.0022820e-01 9.5386741e-01
3.9130996e-01 9.2025894e-01
3.4791154e-01 9.3752737e-01
9.9993136e-01 -1.1716380e-02
-8.2794468e-01 -5.6080978e-01
-9.8011425e-01 -1.9843400e-01
5.8559272e-01 -8.1060543e-01
-7.4929778e-01 6.6223322e-01
-5.9641542e-02 9.9821986e-01
-6.0451111e-01 7.9659671e-01
7.0050632e-01 7.1364620e-01
4.8667057e-01 8.7358557e-01
8.8865830e-01 4.5856999e-01
-9.9957137e-01 -2.9275911e-02
9.9908904e-01 4.2674317e-02
9.4839508e-01 3.1709112e-01
9.0215794e-01 -4.3140590e-01
-9.7828283e-01 2.0727445e-01
-5.9606436e-01 8.0293666e-01
-9.9990815e-01 -1.3553051e-02
2.0421015e-01 9.7892707e-01
-1.6812136e-01 -9.8576630e-01
-9.9487465e-01 1.0111592e-01
-7.9462894e-01 -6.0709541e-01
-4.6696947e-01 8.8427344e-01
6.4111444e-01 7.6744529e-01
-9.1787615e-01 -3.9686695e-01
9.8238372e-01 1.8687490e-01
-4.7465135e-01 8.8017390e-01
-8.7852272e-01 -4.7770057e-01
3.9806902e-01 9.1735547e-01
7.9280401e-01 -6.0947666e-01
4.0059830e-02 9.9919728e-01
-3.7341274e-01 -9.2766531e-01
9.9737981e-01 -7.2343096e-02
6.7408377e-01 7.3865491e-01
-2.9726928e-01 -9.5479368e-01
-8.8132651e-01 4.7250776e-01
-1.2357290e-01 9.9233550e-01
4.0549086e-01 -9.1409910e-01
9.8539912e-01 -1.7026032e-01
8.9550711e-01 -4.4504721e-01
-1.2372711e-01 9.9231628e-01
6.2099625e-01 -7.8381353e-01
-6.0015101e-01 7.9988672e-01
-9.7457162e-01 2.2407621e-01
7.4904056e-01 6.6252414e-01
-6.0738067e-01 -7.9441093e-01
9.7829048e-01 -2.0723834e-01
2.1109160e-01 -9.7746628e-01
-5.4568882e-01 8.3798790e-01
4.8251780e-01 -8.7588616e-01
1.8209714e-01 9.8328055e-01
8.6079069e-01 5.0895912e-01
2.3793827e-02 -9.9971689e-01
6.7056527e-01 -7.4185054e-01
7.4005061e-01 -6.7255119e-01
-2.9529986e-01 9.5540462e-01
-8.4515149e-01 5.3452686e-01
-5.9084946e-01 -8.0678182e-01
9.9472843e-01 -1.0254437e-01
-5.7268858e-01 -8.1977301e-01
5.8167052e-01 -8.1342449e-01
9.7986989e-01 1.9963719e-01
-9.9073489e-01 1.3581005e-01
-3.3249333e-01 -9.4310561e-01
-9.6863786e-01 2.4847677e-01
-4.8477075e-01 8.7464125e-01
-6.0239833e-01 7.9819562e-01
-7.8215318e-01 6.2308620e-01
-6.5591654e-01 -7.5483342e-01
-5.8397721e-01 -8.1177006e-01
-6.2672359e-01 7.7924165e-01
-6.6552115e-01 7.4637899e-01
8.3068353e-01 -5.5674489e-01
-9.9704566e-01 -7.6811144e-02
9.5647057e-01 -2.9182881e-01
5.9356888e-01 -8.0478319e-01
-9.7092900e-01 2.3936765e-01
-2.5055078e-01 -9.6810346e-01
8.6563219e-01 5.0068044e-01
9.7796930e-01 2.0874878e-01
8.9149078e-01 -4.5303885e-01
9.8625655e-01 -1.6522113e-01
4.3727552e-01 -8.9932759e-01
9.9960042e-01 2.8266691e-02
9.9961480e-01 2.7753538e-02
-9.0444786e-01 4.2658420e-01
2.9314661e-01 9.5606750e-01
-1.6946499e-01 9.8553621e-01
9.8795350e-01 -1.5475104e-01
5.7127360e-01 -8.2075969e-01
-9.9203710e-01 1.2594598e-01
1.7198050e-02 9.9985210e-01
-7.2522937e-01 6.8850734e-01
9.6327507e-01 -2.6851654e-01
9.7605886e-01 2.1750657e-01
6.2480520e-01 -7.8078067e-01
2.7924241e-01 9.6022064e-01
9.3847804e-01 3.4533892e-01
6.3432324e-01 -7.7306793e-01
-1.9342277e-01 -9.8111550e-01
6.8226592e-01 7.3110410e-01
5.9615084e-01 8.0287245e-01
1.2186543e-01 9.9254663e-01
