-2.3176174e-01 9.7277258e-01
-4.4476448e-01 8.9564756e-01
9.5170532e-01 -3.0701301e-01
-2.3820686e-01 9.7121444e-01
8.9784133e-01 -4.4031914e-01
-7.2251451e-01 -6.9135576e-01
-9.6381774e-01 -2.6656210e-01
-9.9926386e-01 3.8363323e-02
9.9346093e-01 1.1417259e-01
-4.6386276e-01 -8.8590707e-01
-6.9249613e-01 7.2142159e-01
-9.8448150e-01 1.7548840e-01
-3.2343380e-01 9.4625080e-01
-9.9892986e-01 4.6250776e-02
-7.6702003e-01 6.4162316e-01
5.6978806e-01 8.2179168e-01
9.5908959e-01 -2.8310275e-01
-2.6798102e-01 -9.6342419e-01
8.3142860e-02 9.9653764e-01
-9.9851030e-01 5.4563608e-02
-9.8411764e-01 1.7751755e-01
-8.3846141e-01 -5.4496097e-01
9.2753223e-01 -3.7374319e-01
-8.0982058e-01 -5.8667762e-01
5.3292019e-01 8.4616551e-01
4.7889288e-01 8.7787335e-01
-9.6634489e-01 2.5724999e-01
1.2255542e-01 -9.9246167e-01
-4.2085432e-01 -9.0712824e-01
-6.0460077e-01 7.9652866e-01
9.6848640e-01 2.4906644e-01
-9.9661912e-01 -8.2160371e-02
9.9478278e-01 1.0201579e-01
-6.2839378e-01 7.7789540e-01
5.0521204e-01 8.6299525e-01
5.3792516e-01 8.4299260e-01
-9.7294541e-01 -2.3103513e-01
-5.8750784e-01 8.0921848e-01
-7.9641367e-01 6.0475224e-01
8.5845609e-01 5.1288706e-01
-4.1920329e-01 9.0789240e-01
-4.6198703e-01 8.8688668e-01
9.5531488e-01 2.9559005e-01
8.6172115e-01 5.0738216e-01
4.3065919e-02 -9.9907223e-01
8.9702050e-01 -4.4198894e-01
-6.2617898e-01 7.7967935e-01
3.7730463e-01 -9.2608921e-01
-8.8391373e-01 -4.6764999e-01
-9.9282328e-01 1.1959067e-01
9.6037271e-01 -2.7871897e-01
-9.9729724e-01 -7.3472547e-02
9.9906813e-01 4.3160962e-02
-7.5487027e-01 -6.5587413e-01
-4.8941375e-01 8.7205171e-01
7.9674298e-01 6.0431831e-01
3.3256807e-01 -9.4307925e-01
-4.4226508e-02 -9.9902153e-01
1.5359320e-01 9.8813417e-01
7.5420570e-01 -6.5663823e-01
-3.4273636e-01 9.3943163e-01
-9.7187953e-01 -2.3547863e-01
-1.2807923e-01 -9.9176394e-01
8.0192545e-01 5.9742411e-01
-8.2764689e-01 5.6124917e-01
-7.6160087e-01 6.4804638e-01
5.4043026e-01 -8.4138882e-01
8.6891478e-01 4.9496172e-01
-4.4421166e-01 8.9592187e-01
-4.4388748e-01 -8.9608253e-01
-8.9069407e-01 -4.5460320e-01
-6.6897679e-01 -7.4328329e-01
5.8668583e-01 8.0981463e-01
-3.4112785e-01 9.4001691e-01
9.9147129e-01 1.3032529e-01
9.8023800e-01 1.9782179e-01
-2.2055956e-01 9.7537351e-01
9.9973072e-01 2.3205122e-02
-8.1909703e-01 -5.7365500e-01
-8.1301732e-01 5.8223950e-01
4.2826898e-02 -9.9908251e-01
5.4651291e-01 -8.3745068e-01
-5.4436410e-01 -8.3884905e-01
6.4006449e-01 -7.6832119e-01
9.0472416e-01 4.2599788e-01
-4.1384805e-01 -9.1034598e-01
-2.9466926e-01 -9.5559930e-01
-5.8793406e-01 8.0890886e-01
-1.2747424e-01 9.9184188e-01
9.8872687e-01 1.4973035e-01
-4.9775561e-01 8.6731733e-01
6.3044995e-01 7.7622990e-01
-9.8704113e-01 1.6046745e-01
4.9434764e-01 -8.6926429e-01
-6.5964697e-01 -7.5157560e-01
9.6240195e-01 -2.7162932e-01
9.8613488e-01 -1.6594578e-01
-5.1581776e-01 -8.5669833e-01
8.0767546e-01 5.8962730e-01
7.9237311e-01 -6.1003676e-01
8.3777184e-01 -5.4602046e-01
-9.9958840e-01 -2.8688671e-02
-9.5726370e-01 2.8921653e-01
6.3251576e-01 7.7454749e-01
9.6456854e-01 2.6383240e-01
8.9577380e-01 -4.4451018e-01
3.2260316e-02 -9.9947950e-01
3.0101776e-01 9.5361853e-01
-2.8143535e-02 9.9960389e-01
-8.2752697e-01 -5.6142596e-01
-9.6385079e-01 2.6644258e-01
5.8813331e-01 -8.0876400e-01
9.5449938e-02 -9.9543423e-01
-2.1046200e-01 9.7760204e-01
4.8680621e-01 -8.7350999e-01
-5.8948639e-01 8.0777831e-01
9.8328712e-01 -1.8206162e-01
-3.7694851e-02 -9.9928930e-01
6.2640346e-01 7.7949901e-01
-4.3990366e-01 8.9804497e-01
-9.7938675e-01 2.0199403e-01
7.6203598e-01 -6.4753468e-01
-7.7418827e-01 -6.3295539e-01
5.8223657e-01 -8.1301942e-01
1.1978848e-02 9.9992825e-01
3.4241004e-01 -9.3955062e-01
-8.8918221e-01 -4.5755328e-01
5.9878966e-01 8.0090633e-01
