-8.8001166e-01 -4.7495208e-01
9.2456158e-01 -3.8103266e-01
8.0395997e-01 -5.9468342e-01
-8.1575284e-01 -5.7840065e-01
1.3358031e-01 -9.9103799e-01
-3.9148570e-01 9.2018419e-01
-4.3908580e-01 8.9844513e-01
9.9815343e-01 6.0743087e-02
-1.9437648e-01 -9.8092700e-01
9.8552077e-01 -1.6955473e-01
8.4698251e-01 5.3162075e-01
-8.1734898e-01 -5.7614290e-01
9.6194188e-01 -2.7325412e-01
8.5842559e-01 -5.1293812e-01
7.0212570e-01 -7.1205302e-01
-5.2999325e-01 -8.4800186e-01
6.9458553e-01 7.1941013e-01
2.6987603e-01 9.6289508e-01
-9.6738485e-01 2.5331117e-01
6.9929624e-01 -7.1483199e-01
7.2254999e-01 6.9131868e-01
8.5357318e-01 -5.2097295e-01
-9.9844421e-01 -5.5759798e-02
9.9559052e-01 9.3805747e-02
-2.5589449e-01 9.6670472e-01
-7.3167851e-01 6.8164988e-01
-9.7493495e-01 -2.2249011e-01
1.2749859e-01 -9.9183875e-01
-6.6942643e-01 7.4287836e-01
-4.3911011e-01 -8.9843325e-01
-9.6841460e-01 -2.4934548e-01
2.2377789e-01 -9.7464017e-01
9.2200171e-01 -3.8718580e-01
-1.0051764e-01 -9.9493528e-01
9.8038915e-01 -1.9707133e-01
-8.1897309e-01 -5.7383192e-01
2.5504072e-01 9.6693031e-01
-1.9955370e-01 -9.7988689e-01
-6.2145630e-01 7.8344883e-01
9.9998779e-01 -4.9419399e-03
-9.7772657e-01 2.0988272e-01
9.0465761e-01 -4.2613920e-01
9.5469845e-01 -2.9757499e-01
-2.5133398e-01 -9.6790042e-01
7.8998476e-01 -6.1312648e-01
8.9736172e-01 -4.4129576e-01
7.6255303e-02 9.9708833e-01
-7.8663536e-01 -6.1741786e-01
2.5851016e-01 9.6600854e-01
7.8394726e-01 6.2082743e-01
-4.5594286e-01 8.9000905e-01
9.8709058e-01 -1.6016298e-01
-6.9380695e-01 7.2016104e-01
-9.7098546e-01 -2.3913854e-01
-5.5127989e-01 8.3432037e-01
-3.2453962e-01 9.4587210e-01
-9.4467659e-01 -3.2800326e-01
-9.7493418e-01 -2.2249347e-01
9.9525147e-01 -9.7337097e-02
-9.9864280e-01 -5.2082179e-02
9.5916912e-01 -2.8283317e-01
7.3322960e-02 9.9730825e-01
5.9288063e-01 8.0529036e-01
9.9533278e-01 9.6502127e-02
9.9807415e-01 -6.2032251e-02
4.7051836e-01 8.8239020e-01
-8.8492490e-01 -4.6573375e-01
4.8201220e-01 8.7616450e-01
-9.0827261e-01 4.1837886e-01
-2.8604484e-01 -9.5821623e-01
-9.0185277e-01 -4.3204350e-01
-9.1124117e-02 9.9583954e-01
4.4926541e-01 -8.9339834e-01
-5.5438561e-02 -9.9846210e-01
-8.9220348e-01 -4.5163364e-01
3.4433016e-01 9.3884862e-01
4.2722033e-01 -9.0414755e-01
-1.9311204e-02 9.9981352e-01
6.2919686e-01 -7.7724598e-01
6.0719784e-01 -7.9455068e-01
7.0222411e-01 7.1195597e-01
-2.7756017e-01 -9.6070826e-01
-9.3922518e-01 3.4330170e-01
7.8334359e-01 6.2158895e-01
-2.4152045e-01 9.7039573e-01
-1.9666906e-01 9.8046993e-01
9.3815695e-01 -3.4621024e-01
3.9616098e-01 9.1818107e-01
-1.7996397e-01 -9.8367320e-01
2.0174791e-01 -9.7943748e-01
-9.9625192e-01 -8.6499189e-02
-8.4355401e-01 -5.3704435e-01
9.7249062e-01 -2.3294202e-01
8.4789789e-01 5.3015957e-01
-6.6048402e-01 -7.5084010e-01
-3.4921085e-01 9.3704417e-01
2.0633596e-02 -9.9978710e-01
-8.4990751e-01 -5.2693189e-01
4.9909978e-02 -9.9875372e-01
-9.5804718e-02 9.9540015e-01
-1.3617631e-01 -9.9068462e-01
2.8790111e-02 9.9958548e-01
-9.9639697e-01 -8.4812037e-02
9.9946343e-01 -3.2754326e-02
9.9174006e-01 1.2826401e-01
-7.8901830e-01 6.1436970e-01
9.9605177e-01 -8.8774235e-02
-7.0575060e-01 -7.0846037e-01
-1.1979496e-01 9.9279865e-01
-2.5084518e-01 -9.6802722e-01
-8.8909277e-01 -4.5772705e-01
8.3545191e-01 5.4956355e-01
9.6273374e-01 2.7045099e-01
-2.2532311e-01 9.7428409e-01
-9.4813847e-01 -3.1785757e-01
-9.7471258e-02 -9.9523834e-01
-6.9817273e-01 7.1592936e-01
-4.9739808e-01 -8.6752242e-01
3.7523720e-01 -9.2692882e-01
-8.9226783e-01 -4.5150650e-01
4.1066863e-01 -9.1178467e-01
-9.9872722e-01 5.0437484e-02
-9.5365046e-01 -3.0091659e-01
9.4618000e-01 -3.2364087e-01
-7.3805171e-01 -6.7474416e-01
5.3970533e-01 8.4185400e-01
8.7452967e-02 -9.9616865e-01
9.9881904e-01 4.8585336e-02
