1.2606526e-01 9.9202195e-01
8.4873294e-02 9.9639175e-01
-8.1562993e-01 -5.7857394e-01
-5.7807806e-01 -8.1598147e-01
-6.8396837e-01 -7.2951167e-01
3.2141067e-01 9.4693990e-01
2.6943926e-01 -9.6301739e-01
9.4509903e-01 3.2678406e-01
-6.9844669e-01 7.1566208e-01
5.9612496e-01 -8.0289167e-01
-9.1528257e-01 4.0281238e-01
9.8251044e-01 1.8620749e-01
-6.1918663e-01 7.8524386e-01
8.1981432e-01 5.7262945e-01
-9.9932470e-01 3.6744419e-02
-8.6429544e-01 -5.0298448e-01
-3.9044119e-01 -9.2062787e-01
9.8029606e-01 -1.9753390e-01
2.4245727e-02 -9.9970603e-01
-9.0579092e-01 4.2372492e-01
-9.1632701e-01 -4.0043077e-01
6.1793124e-01 -7.8623214e-01
1.1440504e-01 -9.9343419e-01
8.7261201e-01 4.8841404e-01
-9.8507231e-01 -1.7214108e-01
5.2022508e-01 -8.5402920e-01
-8.9767156e-01 4.4066515e-01
6.7378345e-01 7.3892887e-01
2.8530255e-01 -9.5843751e-01
3.8354646e-01 9.2352158e-01
6.0061560e-01 7.9953793e-01
5.3250287e-01 -8.4642820e-01
3.0918033e-01 9.5100343e-01
-4.9249274e-01 -8.7031655e-01
2.0557877e-01 -9.7864057e-01
9.2882720e-02 -9.9567706e-01
9.4110092e-01 3.3812582e-01
7.0204941e-01 -7.1212823e-01
8.8482114e-01 -4.6593083e-01
-3.5160946e-01 9.3614678e-01
-8.0201977e-01 5.9729749e-01
8.4013974e-01 -5.4237000e-01
8.6042619e-01 5.0957510e-01
6.3501758e-01 7.7249769e-01
-9.8521409e-01 1.7132774e-01
2.8201181e-01 9.5941093e-01
6.7663338e-01 7.3632009e-01
-9.6658008e-01 2.5636488e-01
-3.2964649e-01 -9.4410444e-01
6.9259603e-01 -7.2132568e-01
9.5434490e-01 -2.9870691e-01
-7.5357032e-01 -6.5736730e-01
2.6260875e-01 -9.6490240e-01
-1.3949918e-01 9.9022219e-01
-9.3644957e-02 9.9560566e-01
8.3313400e-01 5.5307119e-01
6.2792280e-01 -7.7827563e-01
4.1778827e-01 9.0854442e-01
-3.5075078e-01 -9.3646884e-01
-9.4568541e-02 -9.9551835e-01
9.9361595e-01 1.1281552e-01
-3.3057957e-02 9.9945344e-01
9.9818758e-01 -6.0179284e-02
-9.9570398e-01 -9.2593618e-02
2.4759668e-01 -9.6886319e-01
-1.2336030e-01 9.9236195e-01
7.6112943e-01 6.4860003e-01
-9.7720136e-01 -2.1231463e-01
-4.9517370e-01 8.6879399e-01
-9.9923282e-01 3.9163429e-02
-9.4605695e-02 -9.9551482e-01
-7.3240827e-01 -6.8086571e-01
-9.8125044e-01 -1.9273708e-01
-9.9390519e-01 1.1023823e-01
-3.2468475e-01 9.4582229e-01
-9.6180016e-01 -2.7375254e-01
8.6773497e-01 4.9702718e-01
9.9989788e-01 1.4291132e-02
-3.9027786e-01 9.2069712e-01
-4.2616552e-01 9.0464521e-01
-7.9729222e-01 -6.0359350e-01
-8.2374389e-01 -5.6696208e-01
-6.3777447e-01 -7.7022316e-01
-5.3329681e-01 8.4592820e-01
7.1710770e-01 -6.9696237e-01
2.5618607e-02 9.9967179e-01
-5.9300601e-01 8.0519803e-01
-9.6409099e-01 -2.6557215e-01
-9.2489450e-01 -3.8022384e-01
-9.4972222e-01 3.1309376e-01
8.7692645e-01 4.8062460e-01
-1.8393074e-01 9.8293921e-01
6.4554571e-01 -7.6372163e-01
-7.3585998e-01 6.7713373e-01
9.9988959e-01 1.4859926e-02
2.4585595e-03 9.9999698e-01
-7.6386018e-01 6.4538176e-01
9.8861859e-01 -1.5044362e-01
6.6267138e-01 -7.4891030e-01
-3.1142877e-02 9.9951494e-01
-8.0331186e-01 -5.9555861e-01
-6.8237719e-01 -7.3100025e-01
-5.1634174e-02 9.9866607e-01
9.3650998e-01 -3.5064094e-01
-9.9885110e-01 -4.7921588e-02
8.7278447e-01 4.8810580e-01
-9.1597347e-01 -4.0123884e-01
-2.1180411e-01 -9.7731214e-01
7.8302235e-01 6.2199357e-01
1.6422271e-01 9.8642329e-01
6.2714443e-01 7.7890299e-01
-8.0973431e-01 5.8679669e-01
7.9841702e-01 -6.0210487e-01
7.8464309e-02 -9.9691692e-01
-7.0493355e-01 -7.0927336e-01
-9.6834941e-01 2.4959852e-01
5.7249076e-01 -8.1991117e-01
5.0556550e-01 -8.6278823e-01
-1.3745508e-02 9.9990553e-01
5.6268625e-01 -8.2667054e-01
4.5636630e-01 -8.8979200e-01
9.5375205e-01 -3.0059446e-01
3.9681117e-01 -9.1790026e-01
1.4346529e-01 9.8965535e-01
-9.5614089e-01 2.9290714e-01
9.3373139e-01 -3.5797442e-01
9.9985517e-01 -1.7018762e-02
-8.7628678e-03 9.9996161e-01
