-4.9163194e-01 8.7080310e-01
-5.7582699e-01 -8.1757157e-01
9.6994202e-01 2.4333614e-01
5.4615176e-01 8.3768625e-01
3.4427661e-01 9.3886826e-01
-3.8221488e-02 -9.9926929e-01
-8.9504812e-01 -4.4596957e-01
-9.2704916e-01 3.7493981e-01
-3.4006999e-01 9.4040013e-01
8.4456449e-01 -5.3545384e-01
-2.7183455e-01 -9.6234400e-01
-2.7684730e-01 9.6091392e-01
-6.8959170e-01 -7.2419838e-01
7.1803393e-02 -9.9741881e-01
-9.6716326e-01 -2.5415593e-01
5.2608839e-01 8.5042990e-01
-3.8651487e-01 9.2228317e-01
7.7534773e-01 -6.3153455e-01
6.4251582e-01 -7.6627242e-01
-6.0664639e-01 -7.9497180e-01
4.3559548e-01 -9.0014253e-01
3.9409408e-03 -9.9999223e-01
-8.4357104e-01 -5.3701760e-01
-6.8768334e-01 7.2601076e-01
-7.3606723e-01 6.7690844e-01
6.8443039e-01 -7.2907821e-01
4.5473318e-01 -8.9062772e-01
8.4323592e-01 5.3754366e-01
-9.7783517e-01 2.0937615e-01
-1.3464827e-02 -9.9990935e-01
-2.5537413e-02 -9.9967387e-01
9.9882329e-01 -4.8497743e-02
5.5185857e-01 8.3393772e-01
6.6255148e-02 9.9780271e-01
-9.9996323e-01 -8.5752727e-03
-8.3989262e-01 -5.4275260e-01
-9.1734946e-01 3.9808287e-01
-3.2004524e-01 -9.4740226e-01
9.9986123e-01 1.6658869e-02
9.8775657e-01 -1.5600309e-01
-7.4442209e-01 -6.6770933e-01
-9.1778914e-02 9.9577941e-01
5.2368845e-01 -8.5190986e-01
-7.7759451e-01 -6.2876607e-01
3.0666542e-01 -9.5181738e-01
-3.5587715e-01 9.3453275e-01
-1.9168378e-01 9.8145674e-01
-4.8189554e-01 8.7622867e-01
-8.6776377e-01 4.9697689e-01
-5.1475192e-01 -8.5733918e-01
9.4408702e-01 -3.2969637e-01
4.2317252e-01 9.0604913e-01
-7.4391588e-01 -6.6827327e-01
-8.9232434e-01 4.5139480e-01
4.8368711e-02 9.9882955e-01
8.5400116e-01 -5.2027111e-01
-9.9881870e-01 4.8592298e-02
8.5738100e-01 -5.1468225e-01
9.7545785e-01 2.2018623e-01
9.7584278e-01 -2.1847398e-01
-1.5022994e-01 9.8865108e-01
6.3914677e-01 7.6908478e-01
-9.4321260e-01 -3.3218968e-01
8.6905969e-01 -4.9470724e-01
9.9694982e-01 7.8045193e-02
-9.6435617e-01 -2.6460759e-01
9.7243684e-01 -2.3316643e-01
9.6148892e-01 -2.7484370e-01
7.3220963e-01 -6.8107934e-01
-4.9422718e-01 8.6933279e-01
8.7429470e-01 -4.8539548e-01
-2.5625759e-01 9.6660853e-01
7.0283611e-01 7.1135182e-01
-9.4426573e-01 3.2918418e-01
-8.0154740e-01 -5.9793123e-01
-9.0413754e-01 4.2724152e-01
-9.6755187e-01 -2.5267246e-01
3.9339919e-02 -9.9922589e-01
-5.2088895e-01 8.5362445e-01
-5.6674446e-01 8.2389363e-01
-9.9999170e-01 -4.0748663e-03
-9.6489685e-01 -2.6262914e-01
3.8063693e-01 9.2472457e-01
-1.8937669e-01 9.8190451e-01
3.5898909e-01 9.3334176e-01
8.1426591e-01 -5.8049206e-01
6.1795565e-01 7.8621296e-01
-1.9163025e-01 9.8146719e-01
-5.6295174e-01 8.2648977e-01
-7.9956081e-01 6.0058515e-01
9.9861885e-01 5.2539529e-02
-7.3311046e-01 6.8010959e-01
-1.1190620e-01 9.9371877e-01
7.0538861e-01 -7.0882079e-01
-4.6052022e-01 -8.8764921e-01
9.9812288e-01 -6.1243170e-02
9.5335709e-01 3.0184477e-01
-9.5594073e-01 2.9355973e-01
5.3693333e-01 8.4362468e-01
7.9505464e-01 6.0653782e-01
-5.5561374e-01 8.3144054e-01
8.1603157e-02 9.9666490e-01
-1.1303075e-01 -9.9359149e-01
-6.0541482e-01 7.9591011e-01
9.2556438e-01 3.7859024e-01
-3.6051218e-01 -9.3275451e-01
8.7481673e-01 4.8445400e-01
8.2892270e-01 5.5936318e-01
6.1530592e-01 7.8828842e-01
-6.5862354e-01 -7.5247261e-01
-5.6160510e-01 -8.2740541e-01
4.7021445e-01 8.8255219e-01
9.7013794e-01 2.4255386e-01
-8.8859768e-01 4.5868743e-01
9.9994418e-01 1.0565796e-02
-3.6365571e-01 9.3153343e-01
-9.6493252e-01 -2.6249806e-01
-9.5812291e-01 -2.8635729e-01
5.1808284e-01 -8.5533045e-01
-4.1764092e-01 -9.0861216e-01
4.7663582e-02 -9.9886345e-01
5.6727919e-01 -8.2352554e-01
5.8145230e-01 -8.1358050e-01
-2.4165285e-01 -9.7036277e-01
9.6094701e-01 -2.7673244e-01
-8.6369866e-01 5.0400855e-01
-8.5049104e-01 5.2598953e-01
-4.9628264e-01 8.6816101e-01
8.1260653e+00 9.9202195e-01
8.0848733e+00 9.9639175e-01
7.1843701e+00 -5.7857394e-01
7.4219219e+00 -8.1598147e-01
7.3160316e+00 -7.2951167e-01
8.3214107e+00 9.4693990e-01
8.2694393e+00 -9.6301739e-01
8.9450990e+00 3.2678406e-01
7.3015533e+00 7.1566208e-01
8.5961250e+00 -8.0289167e-01
7.0847174e+00 4.0281238e-01
8.9825104e+00 1.8620749e-01
7.3808134e+00 7.8524386e-01
8.8198143e+00 5.7262945e-01
7.0006753e+00 3.6744419e-02
7.1357046e+00 -5.0298448e-01
7.6095588e+00 -9.2062787e-01
8.9802961e+00 -1.9753390e-01
8.0242457e+00 -9.9970603e-01
7.0942091e+00 4.2372492e-01
7.0836730e+00 -4.0043077e-01
8.6179312e+00 -7.8623214e-01
8.1144050e+00 -9.9343419e-01
8.8726120e+00 4.8841404e-01
7.0149277e+00 -1.7214108e-01
8.5202251e+00 -8.5402920e-01
7.1023284e+00 4.4066515e-01
8.6737834e+00 7.3892887e-01
8.2853026e+00 -9.5843751e-01
8.3835465e+00 9.2352158e-01
8.6006156e+00 7.9953793e-01
8.5325029e+00 -8.4642820e-01
8.3091803e+00 9.5100343e-01
7.5075073e+00 -8.7031655e-01
8.2055788e+00 -9.7864057e-01
8.0928827e+00 -9.9567706e-01
8.9411009e+00 3.3812582e-01
8.7020494e+00 -7.1212823e-01
8.8848211e+00 -4.6593083e-01
7.6483905e+00 9.3614678e-01
7.1979802e+00 5.9729749e-01
8.8401397e+00 -5.4237000e-01
8.8604262e+00 5.0957510e-01
8.6350176e+00 7.7249769e-01
7.0147859e+00 1.7132774e-01
8.2820118e+00 9.5941093e-01
8.6766334e+00 7.3632009e-01
7.0334199e+00 2.5636488e-01
7.6703535e+00 -9.4410444e-01
8.6925960e+00 -7.2132568e-01
8.9543449e+00 -2.9870691e-01
7.2464297e+00 -6.5736730e-01
8.2626087e+00 -9.6490240e-01
7.8605008e+00 9.9022219e-01
7.9063550e+00 9.9560566e-01
8.8331340e+00 5.5307119e-01
8.6279228e+00 -7.7827563e-01
8.4177883e+00 9.0854442e-01
7.6492492e+00 -9.3646884e-01
7.9054315e+00 -9.9551835e-01
8.9936160e+00 1.1281552e-01
7.9669420e+00 9.9945344e-01
8.9981876e+00 -6.0179284e-02
7.0042960e+00 -9.2593618e-02
8.2475967e+00 -9.6886319e-01
7.8766397e+00 9.9236195e-01
8.7611294e+00 6.4860003e-01
7.0227986e+00 -2.1231463e-01
7.5048263e+00 8.6879399e-01
7.0007672e+00 3.9163429e-02
7.9053943e+00 -9.9551482e-01
7.2675917e+00 -6.8086571e-01
7.0187496e+00 -1.9273708e-01
7.0060948e+00 1.1023823e-01
7.6753152e+00 9.4582229e-01
7.0381998e+00 -2.7375254e-01
8.8677350e+00 4.9702718e-01
8.9998979e+00 1.4291132e-02
7.6097221e+00 9.2069712e-01
7.5738345e+00 9.0464521e-01
7.2027078e+00 -6.0359350e-01
7.1762561e+00 -5.6696208e-01
7.3622255e+00 -7.7022316e-01
7.4667032e+00 8.4592820e-01
8.7171077e+00 -6.9696237e-01
8.0256186e+00 9.9967179e-01
7.4069940e+00 8.0519803e-01
7.0359090e+00 -2.6557215e-01
7.0751055e+00 -3.8022384e-01
7.0502778e+00 3.1309376e-01
8.8769264e+00 4.8062460e-01
7.8160693e+00 9.8293921e-01
8.6455457e+00 -7.6372163e-01
7.2641400e+00 6.7713373e-01
8.9998896e+00 1.4859926e-02
8.0024586e+00 9.9999698e-01
7.2361398e+00 6.4538176e-01
8.9886186e+00 -1.5044362e-01
8.6626714e+00 -7.4891030e-01
7.9688571e+00 9.9951494e-01
7.1966881e+00 -5.9555861e-01
7.3176228e+00 -7.3100025e-01
7.9483658e+00 9.9866607e-01
8.9365100e+00 -3.5064094e-01
7.0011489e+00 -4.7921588e-02
8.8727845e+00 4.8810580e-01
7.0840265e+00 -4.0123884e-01
7.7881959e+00 -9.7731214e-01
8.7830224e+00 6.2199357e-01
8.1642227e+00 9.8642329e-01
8.6271444e+00 7.7890299e-01
7.1902657e+00 5.8679669e-01
8.7984170e+00 -6.0210487e-01
8.0784643e+00 -9.9691692e-01
7.2950665e+00 -7.0927336e-01
7.0316506e+00 2.4959852e-01
8.5724908e+00 -8.1991117e-01
8.5055655e+00 -8.6278823e-01
7.9862545e+00 9.9990553e-01
8.5626862e+00 -8.2667054e-01
8.4563663e+00 -8.8979200e-01
8.9537520e+00 -3.0059446e-01
8.3968112e+00 -9.1790026e-01
8.1434653e+00 9.8965535e-01
7.0438591e+00 2.9290714e-01
8.9337314e+00 -3.5797442e-01
8.9998552e+00 -1.7018762e-02
7.9912371e+00 9.9996161e-01
