9.3079357e-01 3.6554525e-01
-9.6547984e-01 -2.6047779e-01
-9.9999474e-01 -3.2432482e-03
9.4199948e-01 3.3561432e-01
3.9321522e-01 -9.1944646e-01
-9.4090984e-01 3.3865715e-01
-9.3178701e-01 -3.6300546e-01
9.7241094e-01 -2.3327443e-01
9.9990587e-01 -1.3720304e-02
8.8674640e-01 4.6225623e-01
-9.7092201e-01 2.3939603e-01
9.4849412e-01 -3.1679473e-01
8.3891119e-01 5.4426833e-01
9.7837228e-01 2.0685183e-01
1.5049249e-01 9.8861115e-01
-9.1723361e-02 9.9578453e-01
-5.4093588e-01 -8.4106384e-01
-2.3857698e-01 9.7112359e-01
9.8522541e-01 1.7126263e-01
-5.1879616e-01 -8.5489797e-01
-3.8651114e-01 9.2228474e-01
9.3001068e-01 -3.6753249e-01
1.0860691e-01 9.9408477e-01
3.0544956e-01 9.5220826e-01
-3.3033990e-01 9.4386204e-01
-6.1869745e-01 7.8562934e-01
8.5921150e-01 5.1162055e-01
-9.6950503e-01 -2.4507141e-01
9.9245298e-01 1.2262581e-01
-8.2365533e-01 -5.6709073e-01
6.0432396e-01 7.9673870e-01
-2.5034636e-01 -9.6815634e-01
1.9364457e-01 -9.8107175e-01
9.7936247e-01 -2.0211174e-01
9.6225170e-02 9.9535959e-01
9.0887844e-01 4.1706112e-01
2.4151004e-01 9.7039832e-01
-9.6942990e-01 -2.4536842e-01
-9.9741747e-01 7.1821996e-02
5.0752559e-01 -8.6163668e-01
-9.6630032e-01 -2.5741734e-01
-7.7197751e-01 -6.3564985e-01
-5.5809827e-01 -8.2977486e-01
8.7100262e-01 4.9127838e-01
-9.1461167e-01 -4.0433339e-01
-4.9240395e-01 -8.7036679e-01
-9.9503004e-01 9.9575168e-02
-1.2368093e-01 -9.9232204e-01
-3.0176825e-01 9.5338131e-01
-2.2420476e-01 9.7454206e-01
-8.8981066e-01 4.5632990e-01
5.3833660e-01 -8.4272991e-01
-8.2567190e-01 -5.6415062e-01
8.6747133e-01 4.9748718e-01
9.1463632e-01 -4.0427763e-01
-2.4714025e-01 -9.6897972e-01
2.4172883e-01 9.7034384e-01
-5.3566457e-02 -9.9856429e-01
5.9408251e-01 -8.0440411e-01
9.3173009e-01 3.6315155e-01
1.7564366e-01 9.8445381e-01
9.9996760e-01 -8.0495962e-03
-9.1670069e-01 -3.9957458e-01
5.5748485e-01 8.3018712e-01
7.5925819e-01 -6.5078952e-01
-5.9191801e-02 9.9824663e-01
-7.8628318e-01 6.1786630e-01
6.4774406e-01 -7.6185801e-01
2.6180790e-01 -9.6512000e-01
-2.8959609e-02 9.9958058e-01
9.2426361e-01 -3.8175487e-01
9.9408916e-01 -1.0856676e-01
-9.8948561e-01 1.4463133e-01
8.9201028e-01 -4.5201511e-01
-9.0162698e-01 -4.3251449e-01
-1.4789948e-01 9.8900240e-01
9.8673239e-01 1.6235514e-01
-6.8260702e-01 7.3078564e-01
-9.8516512e-01 1.7160909e-01
-7.7495068e-01 6.3202171e-01
-9.4297823e-01 -3.3285440e-01
-9.5649384e-01 -2.9175252e-01
9.4572809e-01 3.2495904e-01
-9.9911527e-01 4.2055619e-02
-8.9967228e-01 4.3656590e-01
-9.5226118e-01 -3.0528453e-01
-5.4427766e-01 -8.3890513e-01
-9.5527614e-01 2.9571522e-01
8.7416941e-01 4.8562109e-01
3.3097531e-01 9.4363941e-01
-2.8017173e-01 -9.5994989e-01
-5.1448778e-01 8.5749771e-01
9.9611372e-01 -8.8076416e-02
-9.5641925e-01 -2.9199696e-01
-2.8166393e-01 9.5951312e-01
-2.0622544e-01 9.7850451e-01
8.6602498e-01 -5.0000074e-01
9.2373345e-01 -3.8303592e-01
-7.6265921e-01 6.4680053e-01
1.9740187e-01 9.8032265e-01
7.0689776e-01 -7.0731574e-01
1.7646071e-01 -9.8430768e-01
9.8928346e-01 1.4600767e-01
5.1162552e-01 -8.5920854e-01
-9.6952837e-01 2.4497905e-01
7.1577340e-01 6.9833262e-01
8.5392643e-01 5.2039375e-01
3.2546958e-01 9.4555251e-01
-9.2982848e-01 3.6799321e-01
8.2807848e-01 5.6061220e-01
-7.7424759e-01 -6.3288282e-01
-7.8629942e-01 6.1784563e-01
-3.1979418e-01 9.4748704e-01
-1.3181970e-01 9.9127371e-01
3.6580967e-01 9.3068968e-01
-4.1052804e-01 -9.1184797e-01
9.3949680e-01 -3.4255768e-01
2.4967879e-01 9.6832872e-01
-6.9023947e-01 7.2358101e-01
-6.6196865e-02 9.9780658e-01
-9.2790076e-01 3.7282728e-01
9.7923039e-01 -2.0275070e-01
-8.2903970e-01 5.5918975e-01
-9.9407841e-01 -1.0866511e-01
-7.2201284e-01 6.9187965e-01
9.6479090e-01 -2.6301810e-01
6.1308051e-01 7.9002044e-01
9.0365663e-01 4.2825775e-01
8.9520735e+00 3.0586937e-01
7.0327192e+00 -2.5370810e-01
8.9843013e+00 1.7649656e-01
7.0018722e+00 6.1162445e-02
7.1155584e+00 -4.6665083e-01
8.0059599e+00 -9.9998224e-01
8.6839625e+00 7.2951719e-01
8.4334969e+00 -9.0115506e-01
7.0533096e+00 -3.2214475e-01
7.5137022e+00 8.7379316e-01
7.9223196e+00 -9.9697831e-01
8.8067815e+00 -5.9084996e-01
8.0910805e+00 9.9584353e-01
7.9167886e+00 9.9653192e-01
8.2656861e+00 9.6405958e-01
7.1845766e+00 -5.7886497e-01
7.0219952e+00 2.0858243e-01
8.9902811e+00 -1.3908063e-01
7.7943998e+00 9.7863608e-01
8.0839364e+00 9.9647111e-01
7.3997291e+00 -7.9979672e-01
8.4194225e+00 -9.0779115e-01
7.0974320e+00 4.3054737e-01
7.0572949e+00 3.3362728e-01
8.1776176e+00 -9.8409958e-01
8.8428962e+00 5.3807625e-01
7.0871164e+00 4.0821990e-01
7.0024787e+00 -7.0365837e-02
8.0489277e+00 -9.9880232e-01
7.5279980e+00 -8.8159747e-01
7.5547001e+00 -8.9538149e-01
7.5828917e+00 9.0885678e-01
8.8782801e+00 4.7814657e-01
8.9853951e+00 -1.7028360e-01
7.4289691e+00 8.2092859e-01
7.0424558e+00 2.8828657e-01
8.8921876e+00 -4.5166495e-01
7.5705956e+00 9.0311233e-01
8.3997574e+00 9.1662099e-01
7.1455541e+00 5.1954035e-01
7.7111831e+00 9.5738436e-01
8.9946321e+00 -1.0347458e-01
7.4242870e+00 8.1765181e-01
8.9211836e+00 3.8912816e-01
7.1354996e+00 5.0263215e-01
7.2157547e+00 -6.2045091e-01
8.9947399e+00 -1.0243335e-01
8.9711527e+00 -2.3845849e-01
7.3223887e+00 7.3542020e-01
7.1841069e+00 5.7820271e-01
7.0332035e+00 -2.5554738e-01
8.9922536e+00 -1.2422876e-01
7.8304986e+00 9.8552995e-01
7.8286498e+00 9.8521019e-01
8.9973066e+00 -7.3345855e-02
8.6492257e+00 -7.6059580e-01
7.7017721e+00 9.5449469e-01
7.6670207e+00 9.4293412e-01
7.0077597e+00 1.2433462e-01
8.9568047e+00 2.9073157e-01
7.0560984e+00 -3.3022699e-01
7.0180907e+00 1.8935187e-01
7.0350609e+00 2.6247392e-01
7.2441699e+00 -6.5476784e-01
8.9654526e+00 2.6057861e-01
8.1785756e+00 -9.8392619e-01
8.9680004e+00 2.5094865e-01
7.0720507e+00 -3.7270650e-01
7.5405047e+00 -8.8818018e-01
8.3088714e+00 -9.5110380e-01
8.9979017e+00 -6.4747233e-02
8.9716734e+00 2.3632762e-01
7.0011812e+00 4.8589846e-02
8.0219842e+00 9.9975832e-01
7.4433116e+00 8.3072137e-01
7.5747942e+00 -9.0509670e-01
7.3745862e+00 7.8029329e-01
8.6327073e+00 -7.7439105e-01
7.8115519e+00 -9.8208316e-01
8.9873642e+00 1.5846725e-01
7.2364201e+00 6.4571337e-01
8.9659540e+00 -2.5871385e-01
7.0072646e+00 1.2031820e-01
8.0148483e+00 9.9988976e-01
8.1049790e+00 -9.9447443e-01
8.1460258e+00 9.8928078e-01
7.2405752e+00 -6.5059505e-01
8.4322107e+00 -9.0177267e-01
7.0899342e+00 4.1446372e-01
8.7535818e+00 -6.5735419e-01
7.9284894e+00 9.9743984e-01
8.6750098e+00 7.3780877e-01
7.8057443e+00 9.8095093e-01
8.5684525e+00 8.2271610e-01
8.8142365e+00 -5.8053335e-01
8.0892703e+00 -9.9600744e-01
8.9784710e+00 -2.0638456e-01
8.3792001e+00 9.2531470e-01
7.6641730e+00 9.4192367e-01
8.2280169e+00 -9.7365718e-01
7.1886368e+00 5.8454230e-01
7.6344742e+00 -9.3080122e-01
7.0252644e+00 -2.2336171e-01
7.3308666e+00 -7.4314233e-01
8.9046270e+00 4.2620425e-01
8.9738664e+00 -2.2712180e-01
8.3606987e+00 9.3268240e-01
7.1837679e+00 5.7772413e-01
8.8268929e+00 -5.6235943e-01
7.3668603e+00 -7.7403753e-01
7.0811135e+00 3.9452195e-01
8.5084264e+00 8.6110547e-01
7.0073316e+00 1.2086935e-01
7.0168020e+00 1.8254236e-01
8.3382313e+00 9.4106301e-01
8.9017367e+00 -4.3228567e-01
8.3705235e+00 9.2882311e-01
7.0048748e+00 9.8619693e-02
8.9758743e+00 -2.1833308e-01
8.9999098e+00 1.3429113e-02
8.1482581e+00 9.8894871e-01
8.6244850e+00 7.8103679e-01
7.7462423e+00 9.6726782e-01
7.1654627e+00 5.5095142e-01
7.0071739e+00 1.1956719e-01
7.2516410e+00 -6.6329392e-01
8.9326252e+00 3.6084643e-01
7.0606136e+00 -3.4286032e-01
