-2.6617295e-01 -9.6392529e-01
2.4366663e-01 9.6985905e-01
-4.8837030e-01 -8.7263649e-01
-8.2077613e-01 5.7124999e-01
-9.4833583e-01 -3.1726825e-01
-9.7949436e-01 -2.0147158e-01
-1.1571779e-01 -9.9328213e-01
9.3335048e-01 -3.5896641e-01
8.7717058e-01 4.8017890e-01
7.6362198e-01 -6.4566359e-01
5.5291395e-03 9.9998471e-01
-8.5293242e-01 5.2202135e-01
2.4770147e-01 -9.6883641e-01
1.7082188e-01 9.8530193e-01
8.0625891e-01 5.9156282e-01
-1.2526222e-01 -9.9212367e-01
6.5424311e-01 7.5628431e-01
-1.1694883e-02 9.9993161e-01
9.9995456e-01 -9.5331509e-03
7.5501078e-01 6.5571238e-01
-2.4977058e-01 9.6830504e-01
9.8811330e-01 -1.5372740e-01
-9.8859056e-01 -1.5062769e-01
4.0406170e-01 9.1473173e-01
9.9786245e-01 -6.5349260e-02
9.4235473e-01 -3.3461554e-01
-3.2311174e-01 -9.4636082e-01
-9.4916457e-01 3.1478028e-01
-2.2851318e-01 -9.7354082e-01
-9.9980415e-01 -1.9790293e-02
3.8749529e-01 9.2187168e-01
-2.4363381e-01 -9.6986729e-01
-4.9903402e-01 8.6658240e-01
-9.0947637e-01 4.1575562e-01
4.4906141e-01 8.9350090e-01
6.5670759e-01 -7.5414531e-01
-8.6710217e-01 4.9813033e-01
-6.5881322e-01 -7.5230655e-01
3.9377547e-02 9.9922440e-01
8.4315590e-01 5.3766917e-01
-4.5690239e-01 -8.8951684e-01
-9.4562282e-01 -3.2526524e-01
9.9324299e-01 1.1605328e-01
9.4314056e-01 3.3239416e-01
9.9507286e-01 -9.9146406e-02
1.2901722e-01 -9.9164235e-01
5.8025605e-01 8.1443411e-01
-9.7987906e-01 1.9959215e-01
4.5864855e-01 -8.8861775e-01
6.5353659e-01 -7.5689492e-01
-4.5649460e-02 -9.9895752e-01
-7.0464322e-01 -7.0956178e-01
-7.7812299e-01 6.2811194e-01
-9.9676053e-01 8.0426689e-02
-7.3204366e-01 -6.8125772e-01
-9.9195098e-01 1.2662250e-01
-8.6873781e-01 -4.9527227e-01
2.1580946e-01 -9.7643550e-01
6.7264218e-01 7.3996790e-01
5.9193307e-01 -8.0598712e-01
9.2919554e-01 -3.6958849e-01
1.7899935e-01 9.8384919e-01
6.0467534e-01 -7.9647205e-01
9.4903472e-01 3.1517155e-01
3.3307394e-01 -9.4290071e-01
-9.8825873e-01 -1.5278965e-01
8.3796925e-01 5.4571745e-01
-7.8330967e-01 6.2163169e-01
9.9171770e-01 -1.2843679e-01
9.5704141e-01 -2.8995127e-01
5.1191540e-01 8.5903587e-01
1.2348200e-01 -9.9234681e-01
1.8223132e-01 9.8325569e-01
-9.2054446e-01 -3.9063780e-01
-3.6847724e-01 9.2963677e-01
3.2579307e-01 -9.4544110e-01
8.0415484e-01 5.9441987e-01
6.0711716e-01 -7.9461233e-01
-9.6068141e-01 -2.7765307e-01
9.8032698e-01 -1.9738037e-01
-7.3031195e-01 -6.8311379e-01
9.8382956e-01 -1.7910724e-01
-1.4417943e-01 -9.8955156e-01
-2.0754784e-01 -9.7822487e-01
6.4446468e-01 -7.6463408e-01
9.9027292e-01 1.3913857e-01
1.4878145e-02 9.9988931e-01
8.3744255e-01 -5.4652536e-01
-9.8915523e-01 -1.4687383e-01
-5.6052194e-01 -8.2813957e-01
-3.3654587e-01 -9.4166707e-01
6.7739063e-01 7.3562350e-01
-5.4155674e-01 8.4066420e-01
-3.3751068e-01 -9.4132170e-01
8.4685017e-01 5.3183154e-01
-5.1268742e-02 9.9868489e-01
-1.4251047e-01 -9.8979329e-01
1.8425018e-01 -9.8287938e-01
-8.6267389e-01 -5.0576058e-01
-4.4800106e-02 9.9899597e-01
-9.9998498e-01 5.4810176e-03
9.9909544e-01 -4.2524074e-02
7.2090593e-01 6.9303293e-01
-4.7979215e-01 8.7738218e-01
8.8144680e-01 4.7228333e-01
-9.9641740e-01 8.4571680e-02
9.2915279e-01 -3.6969595e-01
9.9954135e-01 3.0283643e-02
6.0291654e-01 7.9780426e-01
-9.0586666e-01 4.2356298e-01
-8.7924927e-01 -4.7636197e-01
9.4679613e-01 3.2183394e-01
-1.9035140e-01 9.8171602e-01
-9.3804402e-01 -3.4651612e-01
8.3623714e-01 5.4836798e-01
2.8070876e-01 -9.5979300e-01
-8.4456488e-01 5.3545324e-01
-1.1691081e-01 9.9314242e-01
-8.8034779e-01 4.7432875e-01
-9.3782920e-01 -3.4709708e-01
1.0026986e-01 9.9496028e-01
-8.5725754e-01 -5.1488786e-01
7.5131770e-01 6.5994070e-01
-5.3187941e-01 8.4682011e-01
-1.2295328e-01 -9.9241246e-01
6.8316360e-01 -7.3026536e-01
7.6303680e-01 6.4635504e-01
5.6064464e-01 8.2805651e-01
7.9891229e+00 9.9994084e-01
7.2457322e+00 6.5656685e-01
7.0639401e+00 -3.5184071e-01
8.5942360e+00 -8.0429069e-01
7.5044556e+00 8.6858261e-01
7.6468486e+00 -9.3556617e-01
8.9851495e+00 1.7169882e-01
7.3500047e+00 7.5993826e-01
7.0292780e+00 -2.4020558e-01
8.0028916e+00 -9.9999582e-01
8.0093604e+00 -9.9995619e-01
8.1502958e+00 -9.8864108e-01
7.2088773e+00 6.1165748e-01
7.5005391e+00 -8.6633643e-01
8.7084523e+00 -7.0575871e-01
7.0108436e+00 -1.4686614e-01
7.4018176e+00 -8.0135996e-01
8.8871754e+00 -4.6143243e-01
7.5089419e+00 8.7112682e-01
8.0084303e+00 -9.9996446e-01
8.9979271e+00 -6.4355228e-02
8.7486195e+00 6.6299985e-01
8.3451064e+00 9.3856356e-01
8.9641588e+00 2.6532569e-01
8.9986453e+00 -5.2034262e-02
7.0000905e+00 1.3452842e-02
8.6171122e+00 7.8687516e-01
7.0002324e+00 2.1558062e-02
8.1429152e+00 -9.8973494e-01
8.5118855e+00 -8.5905370e-01
7.2227665e+00 -6.2921229e-01
8.9187232e+00 -3.9490218e-01
8.9484084e+00 3.1705127e-01
7.0364351e+00 -2.6747455e-01
7.0053114e+00 1.0292973e-01
7.4895363e+00 8.5989930e-01
8.9992009e+00 3.9970289e-02
8.9059422e+00 -4.2340138e-01
8.1559248e+00 -9.8776893e-01
8.0745729e+00 9.9721557e-01
7.1648270e+00 5.4998740e-01
8.0869345e+00 -9.9621403e-01
7.5938875e+00 -9.1382310e-01
8.4509833e+00 -8.9253238e-01
8.3854172e+00 -9.2274244e-01
7.6323875e+00 9.2997905e-01
7.5169346e+00 -8.7558429e-01
7.1527400e+00 -5.3117835e-01
8.6033873e+00 -7.9744829e-01
8.1175709e+00 9.9306449e-01
8.9952350e+00 9.7505235e-02
8.2595192e+00 -9.6573795e-01
8.4905814e+00 8.7139538e-01
8.9949188e+00 1.0068096e-01
8.0645508e+00 -9.9791443e-01
7.8962968e+00 -9.9460829e-01
7.7147460e+00 -9.5845196e-01
7.7935238e+00 9.7845163e-01
8.3115644e+00 -9.5022505e-01
7.0407403e+00 -2.8252586e-01
7.1344089e+00 -5.0075141e-01
7.1821559e+00 5.7543990e-01
7.2240197e+00 -6.3075711e-01
8.9800886e+00 1.9856051e-01
8.8435940e+00 -5.3698147e-01
7.6568724e+00 -9.3928882e-01
7.8316697e+00 9.8573065e-01
7.1871772e+00 -5.8251103e-01
8.6152544e+00 7.8832861e-01
8.4397438e+00 -8.9812328e-01
8.9692302e+00 2.4615614e-01
7.1001099e+00 -4.3611684e-01
8.9009320e+00 -4.3396027e-01
8.9932556e+00 1.1594562e-01
8.9913943e+00 -1.3090984e-01
8.9380075e+00 -3.4661496e-01
8.7980018e+00 6.0265506e-01
8.5254003e+00 -8.5085520e-01
8.9937688e+00 1.1146119e-01
7.3461458e+00 -7.5662058e-01
7.4416610e+00 8.2961291e-01
7.2303526e+00 -6.3846916e-01
8.8578790e+00 -5.1385177e-01
8.2617299e+00 9.6514117e-01
8.6472386e+00 7.6228748e-01
8.6264117e+00 7.7949240e-01
7.1883193e+00 -5.8410136e-01
7.0012463e+00 4.9910186e-02
8.9353896e+00 -3.5361897e-01
8.9442506e+00 3.2922761e-01
8.2806741e+00 9.5980312e-01
7.1493592e+00 -5.2574728e-01
8.4288861e+00 -9.0335855e-01
8.6747218e+00 7.3807214e-01
7.2919831e+00 -7.0619548e-01
7.0000191e+00 6.1816656e-03
7.3896330e+00 7.9211875e-01
7.6777606e+00 9.4665820e-01
7.2995443e+00 -7.1369591e-01
7.6488045e+00 -9.3630214e-01
7.8276104e+00 9.8502884e-01
7.0077065e+00 1.2391000e-01
7.4059150e+00 -8.0440227e-01
8.3523440e+00 9.3587054e-01
8.9542778e+00 -2.9892104e-01
8.8152387e+00 -5.7912513e-01
8.4660901e+00 8.8473727e-01
8.5101778e+00 -8.6006894e-01
7.1426346e+00 5.1470825e-01
7.0407297e+00 -2.8248964e-01
8.5403162e+00 8.4146208e-01
8.6938080e+00 7.2016002e-01
7.3624322e+00 7.7039428e-01
8.7794335e+00 6.2648502e-01
8.1947589e+00 -9.8085114e-01
7.4978678e+00 -8.6479088e-01
8.6529922e+00 -7.5736460e-01
8.9823361e+00 1.8712530e-01
7.7953398e+00 9.7883308e-01
7.5431031e+00 8.8951965e-01
7.5313134e+00 -8.8336451e-01
8.1615330e+00 -9.8686730e-01
8.9635487e+00 -2.6753295e-01
8.4065798e+00 9.1361526e-01
8.9191201e+00 -3.9397751e-01
8.9961943e+00 -8.7160653e-02
8.6667146e+00 7.4531312e-01
8.8475746e+00 -5.3067627e-01
