9.9753039e-01 7.0236179e-02
3.9811333e-01 -9.1733624e-01
6.2532994e-01 -7.8036047e-01
9.8952952e-01 -1.4433064e-01
-4.2484703e-01 9.0526516e-01
-3.6004999e-01 -9.3293301e-01
-3.0711639e-01 9.5167196e-01
8.1390635e-01 5.8099608e-01
3.4595887e-01 9.3824968e-01
-9.9789413e-01 6.4863706e-02
-1.4523926e-01 9.8939656e-01
2.8835870e-01 -9.5752246e-01
-6.4468577e-02 -9.9791974e-01
3.2252939e-01 -9.4655945e-01
-9.6086862e-01 2.7700449e-01
4.6247714e-01 -8.8663121e-01
-9.7608258e-01 2.1740011e-01
8.9954509e-01 -4.3682791e-01
-9.8122073e-01 1.9288825e-01
-5.0438948e-01 -8.6347626e-01
-8.1670043e-01 -5.7706188e-01
-2.1013605e-01 -9.7767215e-01
-3.8318290e-01 -9.2367249e-01
-2.5287280e-01 9.6749953e-01
-9.6845715e-01 2.4918013e-01
5.8470699e-01 8.1124456e-01
-9.8165693e-01 1.9065591e-01
4.0240544e-01 9.1546156e-01
-9.1262859e-01 4.0878975e-01
-6.5053481e-01 -7.5947644e-01
9.4880234e-01 -3.1587041e-01
-6.6065772e-01 7.5068727e-01
-2.2381775e-01 9.7463101e-01
9.9908493e-01 4.2770242e-02
-2.7265957e-01 -9.6211057e-01
-1.8440358e-01 -9.8285061e-01
5.8571018e-01 8.1052057e-01
-6.7909481e-01 -7.3405057e-01
8.2118416e-01 5.7066327e-01
-1.5601563e-01 9.8775459e-01
9.9164460e-01 1.2899998e-01
-5.4671098e-02 9.9850442e-01
-8.1647098e-01 -5.7738647e-01
2.6411340e-01 -9.6449164e-01
3.6419055e-01 9.3132446e-01
-9.9589847e-01 -9.0477837e-02
2.7340514e-01 9.6189897e-01
2.9782615e-01 9.5462013e-01
7.4040979e-01 -6.7215574e-01
-9.5450722e-01 2.9818781e-01
1.6450162e-01 9.8637681e-01
5.0672932e-01 -8.6210521e-01
-8.0193607e-01 5.9740986e-01
-8.5854563e-01 -5.1273716e-01
4.4510575e-01 -8.9547801e-01
-7.7523649e-01 6.3167110e-01
-9.8468559e-01 1.7433955e-01
9.8901459e-01 1.4781795e-01
-6.2420948e-01 7.8125702e-01
-9.6530036e-01 2.6114213e-01
8.9835588e-01 -4.3926839e-01
-8.4886536e-01 5.2860912e-01
9.7594364e-01 2.1802297e-01
9.7881486e-01 2.0474731e-01
5.5643130e-01 -8.3089362e-01
5.1982480e-01 -8.5427289e-01
-9.7459602e-01 -2.2397008e-01
7.1810429e-01 -6.9593551e-01
6.8932881e-01 7.2444861e-01
9.7897641e-01 -2.0397349e-01
4.5338014e-01 8.9131725e-01
-3.3805780e-01 -9.4112535e-01
3.2860847e-01 9.4446624e-01
-2.2181173e-01 9.7508951e-01
-5.0028455e-01 -8.6586106e-01
-4.0655485e-02 9.9917322e-01
-9.6368300e-01 -2.6704884e-01
9.2388698e-01 -3.8266545e-01
-8.5283636e-01 -5.2217826e-01
9.6598145e-01 -2.5861135e-01
-9.7428495e-01 -2.2531940e-01
8.1381333e-01 5.8112638e-01
6.2679138e-01 -7.7918712e-01
-6.9272557e-01 -7.2120127e-01
-6.6663854e-01 7.4538115e-01
-8.5847005e-01 -5.1286370e-01
-7.4451769e-01 6.6760274e-01
3.5315559e-02 -9.9937621e-01
9.9304399e-01 -1.1774395e-01
1.1413042e-03 9.9999935e-01
2.6275277e-01 9.6486319e-01
9.2261286e-02 -9.9573483e-01
-2.5423039e-02 -9.9967678e-01
9.8965259e-01 -1.4348433e-01
8.4329079e-01 5.3745758e-01
-2.1376298e-01 9.7688556e-01
3.9258043e-01 9.1971768e-01
-9.5613387e-01 -2.9293005e-01
-9.3779168e-01 -3.4719846e-01
-6.1077260e-01 -7.9180606e-01
-3.6469767e-01 9.3112599e-01
-4.7821144e-01 -8.7824474e-01
9.9961987e-01 2.7570055e-02
-8.7900203e-02 -9.9612929e-01
-5.5352177e-01 -8.3283470e-01
9.8442006e-01 -1.7583274e-01
9.3657630e-01 -3.5046373e-01
6.1656479e-01 7.8730417e-01
4.1280837e-01 9.1081790e-01
4.3448473e-01 9.0067920e-01
8.9178568e-01 -4.5245806e-01
5.8215385e-01 8.1307865e-01
9.2116954e-01 -3.8916152e-01
9.0330775e-01 -4.2899313e-01
9.9613522e-01 -8.7832904e-02
9.4661262e-02 9.9550954e-01
5.6010251e-01 -8.2842331e-01
1.3587771e-02 9.9990768e-01
9.3708130e-01 3.4911121e-01
4.0773420e-01 9.1310066e-01
-7.7927014e-01 6.2668816e-01
-9.2388405e-01 3.8267253e-01
-5.8613991e-01 -8.1020985e-01
-7.9107442e-02 -9.9686610e-01
9.0533526e-01 4.2469763e-01
-8.8649285e-01 4.6274229e-01
-1.6526679e-01 -9.8624890e-01
9.8001590e-01 -1.9891916e-01
7.7682383e+00 9.7277258e-01
7.5552355e+00 8.9564756e-01
8.9517053e+00 -3.0701301e-01
7.7617931e+00 9.7121444e-01
8.8978413e+00 -4.4031914e-01
7.2774855e+00 -6.9135576e-01
7.0361823e+00 -2.6656210e-01
7.0007361e+00 3.8363323e-02
8.9934609e+00 1.1417259e-01
7.5361372e+00 -8.8590707e-01
7.3075039e+00 7.2142159e-01
7.0155185e+00 1.7548840e-01
7.6765662e+00 9.4625080e-01
7.0010701e+00 4.6250776e-02
7.2329800e+00 6.4162316e-01
8.5697881e+00 8.2179168e-01
8.9590896e+00 -2.8310275e-01
7.7320190e+00 -9.6342419e-01
8.0831429e+00 9.9653764e-01
7.0014897e+00 5.4563608e-02
7.0158824e+00 1.7751755e-01
7.1615386e+00 -5.4496097e-01
8.9275322e+00 -3.7374319e-01
7.1901794e+00 -5.8667762e-01
8.5329202e+00 8.4616551e-01
8.4788929e+00 8.7787335e-01
7.0336551e+00 2.5724999e-01
8.1225554e+00 -9.9246167e-01
7.5791457e+00 -9.0712824e-01
7.3953992e+00 7.9652866e-01
8.9684864e+00 2.4906644e-01
7.0033809e+00 -8.2160371e-02
8.9947828e+00 1.0201579e-01
7.3716062e+00 7.7789540e-01
8.5052120e+00 8.6299525e-01
8.5379252e+00 8.4299260e-01
7.0270546e+00 -2.3103513e-01
7.4124922e+00 8.0921848e-01
7.2035863e+00 6.0475224e-01
8.8584561e+00 5.1288706e-01
7.5807967e+00 9.0789240e-01
7.5380130e+00 8.8688668e-01
8.9553149e+00 2.9559005e-01
8.8617211e+00 5.0738216e-01
8.0430659e+00 -9.9907223e-01
8.8970205e+00 -4.4198894e-01
7.3738210e+00 7.7967935e-01
8.3773046e+00 -9.2608921e-01
7.1160863e+00 -4.6764999e-01
7.0071767e+00 1.1959067e-01
8.9603727e+00 -2.7871897e-01
7.0027028e+00 -7.3472547e-02
8.9990681e+00 4.3160962e-02
7.2451297e+00 -6.5587413e-01
7.5105863e+00 8.7205171e-01
8.7967430e+00 6.0431831e-01
8.3325681e+00 -9.4307925e-01
7.9557735e+00 -9.9902153e-01
8.1535932e+00 9.8813417e-01
8.7542057e+00 -6.5663823e-01
7.6572636e+00 9.3943163e-01
7.0281205e+00 -2.3547863e-01
7.8719208e+00 -9.9176394e-01
8.8019255e+00 5.9742411e-01
7.1723531e+00 5.6124917e-01
7.2383991e+00 6.4804638e-01
8.5404303e+00 -8.4138882e-01
8.8689148e+00 4.9496172e-01
7.5557883e+00 8.9592187e-01
7.5561125e+00 -8.9608253e-01
7.1093059e+00 -4.5460320e-01
7.3310232e+00 -7.4328329e-01
8.5866858e+00 8.0981463e-01
7.6588722e+00 9.4001691e-01
8.9914713e+00 1.3032529e-01
8.9802380e+00 1.9782179e-01
7.7794404e+00 9.7537351e-01
8.9997307e+00 2.3205122e-02
7.1809030e+00 -5.7365500e-01
7.1869827e+00 5.8223950e-01
8.0428269e+00 -9.9908251e-01
8.5465129e+00 -8.3745068e-01
7.4556359e+00 -8.3884905e-01
8.6400645e+00 -7.6832119e-01
8.9047242e+00 4.2599788e-01
7.5861520e+00 -9.1034598e-01
7.7053307e+00 -9.5559930e-01
7.4120659e+00 8.0890886e-01
7.8725258e+00 9.9184188e-01
8.9887269e+00 1.4973035e-01
7.5022444e+00 8.6731733e-01
8.6304500e+00 7.7622990e-01
7.0129589e+00 1.6046745e-01
8.4943476e+00 -8.6926429e-01
7.3403530e+00 -7.5157560e-01
8.9624020e+00 -2.7162932e-01
8.9861349e+00 -1.6594578e-01
7.4841822e+00 -8.5669833e-01
8.8076755e+00 5.8962730e-01
8.7923731e+00 -6.1003676e-01
8.8377718e+00 -5.4602046e-01
7.0004116e+00 -2.8688671e-02
7.0427363e+00 2.8921653e-01
8.6325158e+00 7.7454749e-01
8.9645685e+00 2.6383240e-01
8.8957738e+00 -4.4451018e-01
8.0322603e+00 -9.9947950e-01
8.3010178e+00 9.5361853e-01
7.9718565e+00 9.9960389e-01
7.1724730e+00 -5.6142596e-01
7.0361492e+00 2.6644258e-01
8.5881333e+00 -8.0876400e-01
8.0954499e+00 -9.9543423e-01
7.7895380e+00 9.7760204e-01
8.4868062e+00 -8.7350999e-01
7.4105136e+00 8.0777831e-01
8.9832871e+00 -1.8206162e-01
7.9623051e+00 -9.9928930e-01
8.6264035e+00 7.7949901e-01
7.5600963e+00 8.9804497e-01
7.0206132e+00 2.0199403e-01
8.7620360e+00 -6.4753468e-01
7.2258117e+00 -6.3295539e-01
8.5822366e+00 -8.1301942e-01
8.0119788e+00 9.9992825e-01
8.3424100e+00 -9.3955062e-01
7.1108178e+00 -4.5755328e-01
8.5987897e+00 8.0090633e-01
