-5.6913940e-01 8.2224105e-01
-3.3164026e-01 -9.4340592e-01
-1.3775681e-02 -9.9990511e-01
5.5746483e-01 8.3020056e-01
-5.7054156e-01 8.2126873e-01
-1.0142315e-01 9.9484338e-01
-8.6778620e-01 -4.9693773e-01
-9.3667346e-01 -3.5020399e-01
-3.1171356e-02 9.9951406e-01
9.1262568e-01 4.0879625e-01
6.2513536e-01 -7.8051635e-01
9.7609632e-01 2.1733840e-01
1.8778952e-01 -9.8220929e-01
4.4265618e-01 -8.9669142e-01
8.9559987e-01 -4.4486050e-01
9.9668263e-01 8.1386274e-02
9.8811526e-01 -1.5371478e-01
6.5749284e-01 -7.5346080e-01
-9.9817661e-01 6.0360986e-02
-3.3571123e-01 9.4196495e-01
9.9826570e-01 -5.8869269e-02
-7.4195650e-01 6.7044803e-01
9.9329258e-01 1.1562805e-01
7.9845832e-01 -6.0205009e-01
-7.6393737e-02 -9.9707773e-01
9.6039309e-01 2.7864874e-01
-9.7776338e-01 2.0971115e-01
9.7183646e-02 -9.9526647e-01
-1.6462797e-01 9.8635573e-01
5.7841021e-01 -8.1574606e-01
-3.9611343e-01 -9.1820159e-01
5.8114656e-02 -9.9830992e-01
-5.7390362e-01 -8.1892285e-01
4.1929844e-01 9.0784845e-01
-8.8743037e-01 -4.6094179e-01
-7.2081503e-02 9.9739875e-01
-7.0996114e-01 -7.0424085e-01
3.7243049e-01 -9.2806009e-01
-2.8530165e-01 -9.5843777e-01
-4.9093550e-01 -8.7119592e-01
8.1098803e-01 -5.8506274e-01
-9.3065433e-01 -3.6589959e-01
-6.7253875e-01 -7.4006191e-01
-8.5047367e-01 -5.2601762e-01
-1.4606497e-01 9.8927500e-01
-9.4985754e-01 3.1268300e-01
1.0225935e-01 -9.9475777e-01
9.5030892e-01 3.1130845e-01
-6.5665831e-01 7.5418822e-01
-1.6782027e-01 -9.8581761e-01
-1.6651260e-01 9.8603933e-01
1.6828987e-02 -9.9985838e-01
1.1410281e-01 -9.9346895e-01
8.8627631e-01 4.6315690e-01
7.7374169e-01 6.3350122e-01
5.6075937e-01 -8.2797882e-01
-7.6130082e-01 6.4839885e-01
-8.9835608e-01 -4.3926798e-01
9.6056281e-01 2.7806312e-01
-9.6820547e-01 2.5015629e-01
-1.0079747e-01 -9.9490697e-01
-7.0265077e-01 7.1153488e-01
-1.3057657e-02 9.9991475e-01
8.2827260e-01 -5.6032535e-01
4.5811865e-01 8.8889105e-01
9.9883208e-01 4.8316404e-02
3.2147310e-01 9.4691871e-01
6.4020459e-01 7.6820445e-01
9.9999949e-01 1.0130200e-03
9.1390541e-01 -4.0592720e-01
3.0997577e-01 -9.5074446e-01
-8.2534123e-01 -5.6463426e-01
9.8180247e-01 1.8990500e-01
5.0746907e-01 8.6166997e-01
-4.8797148e-01 8.7285957e-01
2.8544552e-01 -9.5839494e-01
9.9890493e-01 -4.6786058e-02
-9.3204704e-01 3.6233731e-01
-7.7319961e-01 6.3416273e-01
2.3520160e-01 -9.7194661e-01
-6.1010868e-01 7.9231774e-01
6.8686998e-01 7.2678032e-01
9.7792310e-01 -2.0896509e-01
1.2322877e-01 9.9237829e-01
3.2193009e-01 9.4676344e-01
9.3032757e-01 -3.6672963e-01
-9.6522273e-01 2.6142892e-01
-5.6799809e-01 8.2302987e-01
-6.9006296e-01 7.2374935e-01
9.9789281e-01 -6.4883985e-02
-4.9995106e-01 8.6605366e-01
-9.4592740e-01 3.2437840e-01
-8.8788041e-01 4.6007432e-01
-8.9653156e-01 -4.4297986e-01
-9.9790117e-01 6.4755270e-02
8.5127212e-01 5.2472447e-01
9.9449531e-01 -1.0478113e-01
-5.6537906e-01 8.2483121e-01
-4.6911271e-01 -8.8313831e-01
-4.0155164e-02 -9.9919346e-01
-6.6657548e-01 -7.4543754e-01
-9.6661260e-01 -2.5624224e-01
7.4473772e-01 6.6735728e-01
-4.8574327e-01 -8.7410153e-01
7.8818244e-01 6.1544167e-01
-1.8912810e-01 -9.8195242e-01
-6.3810487e-01 -7.6994946e-01
-9.7588132e-01 -2.1830172e-01
-3.0113588e-02 9.9954648e-01
3.1732681e-01 9.4831624e-01
7.6271149e-01 -6.4673889e-01
-3.5702420e-01 9.3409513e-01
-9.9238275e-01 -1.2319282e-01
9.4560181e-01 -3.2532632e-01
2.3097481e-01 9.7295973e-01
8.1030969e-01 -5.8600188e-01
9.1103684e-01 -4.1232495e-01
-3.9654907e-01 9.1801353e-01
1.8868623e-01 9.8203743e-01
-9.5753183e-01 -2.8832759e-01
7.6148804e-01 6.4817896e-01
-8.1706321e-01 -5.7654810e-01
-9.8017706e-01 -1.9812353e-01
5.6263274e-01 -8.2670696e-01
9.6146650e-01 2.7492212e-01
-4.6847696e-01 8.8347571e-01
-6.3675138e-01 7.7106918e-01
2.2327558e-01 9.7475536e-01
8.2344287e+00 -9.7213333e-01
8.9988794e+00 4.7327664e-02
8.9994739e+00 -3.2432854e-02
7.0067094e+00 1.1564521e-01
8.8077304e+00 5.8955202e-01
7.2695901e+00 6.8300904e-01
7.4670501e+00 -8.4614679e-01
7.0113134e+00 1.4999628e-01
7.2226990e+00 -6.2912892e-01
7.2187337e+00 -6.2419791e-01
7.3961733e+00 7.9711560e-01
7.1973036e+00 5.9638781e-01
7.0591768e+00 3.3889769e-01
8.9997741e+00 -2.1252137e-02
8.8057498e+00 5.9225613e-01
8.9734748e+00 2.2879427e-01
8.7021369e+00 7.1204199e-01
7.0546576e+00 3.2607948e-01
8.9999938e+00 3.5276279e-03
8.9174909e+00 3.9775669e-01
8.9939962e+00 1.0941480e-01
8.5076119e+00 8.6158581e-01
8.1491770e+00 9.8881051e-01
7.0000591e+00 1.0870142e-02
7.2036894e+00 6.0488801e-01
7.2395220e+00 -6.4936370e-01
7.1983069e+00 5.9773593e-01
7.0229290e+00 2.1291354e-01
8.0188088e+00 -9.9982310e-01
8.2402067e+00 -9.7072177e-01
8.2565471e+00 -9.6653173e-01
8.7571389e+00 6.5325393e-01
7.9550265e+00 -9.9898818e-01
8.4672658e+00 -8.8411691e-01
7.0260727e+00 -2.2686054e-01
7.9797042e+00 9.9979402e-01
8.9534466e+00 -3.0156179e-01
7.0348887e+00 -2.6183992e-01
7.5712101e+00 -9.0340424e-01
7.0111683e+00 1.4903661e-01
8.8195750e+00 5.7297185e-01
7.5986507e+00 -9.1592507e-01
8.3022470e+00 -9.5322963e-01
7.4071436e+00 -8.0530817e-01
7.0034820e+00 8.3377943e-02
7.3967794e+00 -7.9757442e-01
7.5180427e+00 -8.7619472e-01
7.8777375e+00 9.9249780e-01
7.6812273e+00 -9.4783118e-01
7.0019020e+00 6.1646722e-02
8.5517331e+00 8.3402070e-01
8.0569682e+00 9.9837599e-01
7.2668143e+00 6.8002848e-01
7.0331015e+00 -2.5516140e-01
7.9173887e+00 -9.9658184e-01
8.9999867e+00 -5.1622255e-03
8.9957198e+00 -9.2423050e-02
8.3340706e+00 9.4254806e-01
7.0004006e+00 -2.8301152e-02
8.1433826e+00 -9.8966734e-01
7.6755896e+00 9.4591642e-01
7.8720713e+00 -9.9178337e-01
7.1004248e+00 -4.3676590e-01
7.0163561e+00 1.8012432e-01
7.0650272e+00 -3.5471942e-01
8.6210009e+00 -7.8380981e-01
7.2676825e+00 -6.8096337e-01
7.4546745e+00 8.3822435e-01
7.9037170e+00 -9.9535399e-01
7.0264388e+00 2.2842627e-01
8.7889977e+00 -6.1439610e-01
8.8875905e+00 4.6063335e-01
7.2406857e+00 -6.5072405e-01
8.2051272e+00 9.7873532e-01
8.0401407e+00 -9.9919404e-01
8.3187548e+00 -9.4783721e-01
7.3653965e+00 7.7283786e-01
8.7791668e+00 -6.2681660e-01
8.3488180e+00 -9.3719050e-01
7.4875006e+00 -8.5868757e-01
7.2247893e+00 -6.3170278e-01
7.3191063e+00 7.3238221e-01
7.8230695e+00 9.8422336e-01
8.1760690e+00 -9.8437783e-01
7.6781859e+00 9.4680289e-01
7.3500225e+00 -7.5995342e-01
8.9908392e+00 -1.3504696e-01
8.9229452e+00 3.8493146e-01
7.7509373e+00 -9.6848737e-01
8.5487486e+00 -8.3598744e-01
7.5768716e+00 -9.0606971e-01
8.9060767e+00 4.2311350e-01
8.4267025e+00 9.0439204e-01
8.7097039e+00 7.0450010e-01
8.8547645e+00 5.1901603e-01
8.1187843e+00 -9.9292008e-01
7.9413236e+00 9.9827706e-01
7.8431143e+00 -9.8761677e-01
7.5317894e+00 8.8361690e-01
8.5652718e+00 -8.2490469e-01
7.5172461e+00 -8.7575608e-01
8.7606080e+00 6.4921147e-01
7.0794079e+00 -3.9052555e-01
8.8817793e+00 -4.7166226e-01
7.7434196e+00 9.6652289e-01
7.8988880e+00 9.9487505e-01
7.0000000e+00 -1.4664424e-04
8.8465879e+00 5.3224899e-01
7.1050697e+00 -4.4620597e-01
8.2541791e+00 -9.6715717e-01
7.1273181e+00 4.8828908e-01
8.6859128e+00 7.2768371e-01
7.9886776e+00 -9.9993590e-01
7.8975841e+00 -9.9474166e-01
7.5325078e+00 8.8399718e-01
7.0000016e+00 -1.7775385e-03
7.5769713e+00 -9.0611627e-01
8.5315474e+00 8.4702854e-01
7.0121607e+00 1.5547833e-01
7.3866053e+00 -7.8977654e-01
7.6688392e+00 9.4357435e-01
8.9395440e+00 -3.4242814e-01
8.9475674e+00 -3.1955586e-01
7.0137323e+00 1.6515468e-01
7.4884906e+00 8.5927770e-01
7.6897570e+00 -9.5065728e-01
7.3467998e+00 7.5718522e-01
8.7789686e+00 6.2706290e-01
