2.4628503e-01 9.6919744e-01
-7.9086964e-01 6.1198466e-01
-1.0290466e-01 -9.9469122e-01
6.2524299e-01 7.8043014e-01
9.3181590e-01 3.6293129e-01
3.0152487e-01 -9.5345831e-01
-7.7382134e-01 6.3340392e-01
6.6748405e-01 7.4462409e-01
8.4252558e-01 5.3865633e-01
-5.7369425e-01 8.1906954e-01
-1.2095544e-01 9.9265794e-01
8.4964533e-01 -5.2735454e-01
-2.9347284e-01 9.5596741e-01
-6.2216553e-01 -7.8288572e-01
-5.3566612e-02 9.9856428e-01
8.9707463e-01 4.4187907e-01
1.0663017e-01 -9.9429875e-01
-9.8815586e-01 -1.5345356e-01
-4.6444617e-02 9.9892087e-01
-9.6000885e-01 2.7996965e-01
-9.8499955e-01 1.7255692e-01
2.7372785e-01 -9.6180719e-01
-9.6108612e-01 2.7624893e-01
8.6149334e-01 -5.0776887e-01
9.2857856e-01 -3.7113590e-01
5.1144321e-01 -8.5931708e-01
-9.5514668e-01 -2.9613312e-01
9.9697039e-01 -7.7781979e-02
8.7387762e-01 4.8614596e-01
9.9733632e-01 -7.2940115e-02
9.8273429e-01 1.8502247e-01
-9.9789012e-01 -6.4925335e-02
9.5448298e-01 2.9826538e-01
1.6582443e-01 -9.8615529e-01
-7.9507047e-01 6.0651706e-01
-7.9479765e-01 -6.0687453e-01
2.8342186e-01 9.5899533e-01
8.4301397e-01 5.3789167e-01
4.0680270e-01 -9.1351604e-01
2.5271519e-01 -9.6754071e-01
-2.7200316e-01 9.6229636e-01
6.1734367e-01 7.8669358e-01
-9.7041451e-01 -2.4144497e-01
-7.7857747e-01 6.2754850e-01
-4.0228373e-01 -9.1551505e-01
-7.1308343e-01 -7.0107919e-01
-9.9517414e-01 9.8124524e-02
-9.8907867e-01 1.4738856e-01
4.2169771e-01 9.0673648e-01
-9.9476008e-01 -1.0223688e-01
9.9493718e-01 -1.0049878e-01
5.3600209e-01 -8.4421666e-01
9.9921581e-01 -3.9594982e-02
8.3921825e-01 5.4379475e-01
8.9189816e-01 -4.5223630e-01
7.6273704e-01 6.4670875e-01
-5.5084104e-02 -9.9848172e-01
-9.9118013e-01 -1.3252152e-01
8.8189755e-01 4.7144110e-01
-9.8414387e-01 -1.7737207e-01
-9.8713952e-01 -1.5986107e-01
-1.8037887e-01 9.8359721e-01
-5.3379726e-01 8.4561249e-01
-9.7798387e-01 2.0868050e-01
4.4132795e-01 -8.9734589e-01
-8.6667401e-01 -4.9887489e-01
-4.6992635e-02 -9.9889524e-01
-3.8710196e-02 9.9925048e-01
-2.3193907e-01 -9.7273032e-01
-4.5365347e-01 -8.9117817e-01
-8.8426680e-01 4.6698203e-01
-4.5656810e-01 -8.8968847e-01
4.0175055e-01 -9.1574914e-01
7.1659224e-01 -6.9749234e-01
-4.7661266e-01 -8.7911340e-01
8.0687026e-01 5.9072868e-01
2.2400025e-01 9.7458909e-01
-5.1939289e-01 8.5453556e-01
8.1882559e-01 -5.7404239e-01
-6.9940059e-01 7.1472989e-01
9.2936757e-01 -3.6915568e-01
-4.6025912e-01 -8.8778463e-01
5.5534503e-01 8.3162004e-01
4.0019581e-02 -9.9919890e-01
-8.1768477e-01 -5.7566623e-01
9.7081385e-01 2.3983425e-01
-9.5975055e-01 2.8085386e-01
9.7822366e-01 -2.0755355e-01
-8.9776762e-01 4.4046940e-01
-9.8034477e-01 -1.9729202e-01
-2.5793451e-01 9.6616240e-01
-5.9336699e-01 -8.0493205e-01
8.5064691e-01 -5.2573741e-01
-5.3083311e-01 8.4747638e-01
3.0196103e-01 9.5332027e-01
8.7766225e-02 -9.9614110e-01
-7.3040774e-01 6.8301137e-01
8.9996847e-01 4.3595499e-01
4.1949485e-01 -9.0775771e-01
8.5798028e-01 -5.1368263e-01
-5.4280512e-01 8.3985868e-01
-2.6000927e-02 -9.9966192e-01
-7.2404783e-01 6.8974977e-01
9.9927164e-01 3.8160083e-02
8.1279437e-01 -5.8255069e-01
2.2905551e-01 9.7341336e-01
8.3911643e-01 5.4395186e-01
-9.5041085e-01 -3.1099715e-01
-9.9495330e-01 -1.0033904e-01
9.8607781e-01 -1.6628456e-01
-1.7566562e-01 9.8444989e-01
-9.6742878e-01 -2.5314335e-01
-2.3270694e-01 -9.7254690e-01
9.9522953e-01 9.7561141e-02
9.9576263e-01 -9.1960823e-02
8.4556314e-01 -5.3387542e-01
5.8957816e-02 -9.9826048e-01
-8.3458974e-01 5.5087200e-01
9.5607972e-01 2.9310676e-01
-8.0961456e-01 -5.8696189e-01
5.0663724e-01 8.6215933e-01
5.3646956e-01 -8.4391967e-01
-6.2493918e-01 7.8067344e-01
3.5957653e-02 9.9935331e-01
9.6506399e-01 2.6201431e-01
2.9047177e-01 9.5688356e-01
6.5324147e-01 7.5714964e-01
-1.5678473e-01 -9.8763280e-01
7.1199883e+00 -4.7495208e-01
8.9245616e+00 -3.8103266e-01
8.8039600e+00 -5.9468342e-01
7.1842472e+00 -5.7840065e-01
8.1335803e+00 -9.9103799e-01
7.6085143e+00 9.2018419e-01
7.5609142e+00 8.9844513e-01
8.9981534e+00 6.0743087e-02
7.8056235e+00 -9.8092700e-01
8.9855208e+00 -1.6955473e-01
8.8469825e+00 5.3162075e-01
7.1826510e+00 -5.7614290e-01
8.9619419e+00 -2.7325412e-01
8.8584256e+00 -5.1293812e-01
8.7021257e+00 -7.1205302e-01
7.4700067e+00 -8.4800186e-01
8.6945855e+00 7.1941013e-01
8.2698760e+00 9.6289508e-01
7.0326151e+00 2.5331117e-01
8.6992962e+00 -7.1483199e-01
8.7225500e+00 6.9131868e-01
8.8535732e+00 -5.2097295e-01
7.0015558e+00 -5.5759798e-02
8.9955905e+00 9.3805747e-02
7.7441055e+00 9.6670472e-01
7.2683215e+00 6.8164988e-01
7.0250651e+00 -2.2249011e-01
8.1274986e+00 -9.9183875e-01
7.3305736e+00 7.4287836e-01
7.5608899e+00 -8.9843325e-01
7.0315854e+00 -2.4934548e-01
8.2237779e+00 -9.7464017e-01
8.9220017e+00 -3.8718580e-01
7.8994824e+00 -9.9493528e-01
8.9803892e+00 -1.9707133e-01
7.1810269e+00 -5.7383192e-01
8.2550407e+00 9.6693031e-01
7.8004463e+00 -9.7988689e-01
7.3785437e+00 7.8344883e-01
8.9999878e+00 -4.9419399e-03
7.0222734e+00 2.0988272e-01
8.9046576e+00 -4.2613920e-01
8.9546984e+00 -2.9757499e-01
7.7486660e+00 -9.6790042e-01
8.7899848e+00 -6.1312648e-01
8.8973617e+00 -4.4129576e-01
8.0762553e+00 9.9708833e-01
7.2133646e+00 -6.1741786e-01
8.2585102e+00 9.6600854e-01
8.7839473e+00 6.2082743e-01
7.5440571e+00 8.9000905e-01
8.9870906e+00 -1.6016298e-01
7.3061931e+00 7.2016104e-01
7.0290145e+00 -2.3913854e-01
7.4487201e+00 8.3432037e-01
7.6754604e+00 9.4587210e-01
7.0553234e+00 -3.2800326e-01
7.0250658e+00 -2.2249347e-01
8.9952515e+00 -9.7337097e-02
7.0013572e+00 -5.2082179e-02
8.9591691e+00 -2.8283317e-01
8.0733230e+00 9.9730825e-01
8.5928806e+00 8.0529036e-01
8.9953328e+00 9.6502127e-02
8.9980741e+00 -6.2032251e-02
8.4705184e+00 8.8239020e-01
7.1150751e+00 -4.6573375e-01
8.4820122e+00 8.7616450e-01
7.0917274e+00 4.1837886e-01
7.7139552e+00 -9.5821623e-01
7.0981472e+00 -4.3204350e-01
7.9088759e+00 9.9583954e-01
8.4492654e+00 -8.9339834e-01
7.9445614e+00 -9.9846210e-01
7.1077965e+00 -4.5163364e-01
8.3443302e+00 9.3884862e-01
8.4272203e+00 -9.0414755e-01
7.9806888e+00 9.9981352e-01
8.6291969e+00 -7.7724598e-01
8.6071978e+00 -7.9455068e-01
8.7022241e+00 7.1195597e-01
7.7224398e+00 -9.6070826e-01
7.0607748e+00 3.4330170e-01
8.7833436e+00 6.2158895e-01
7.7584795e+00 9.7039573e-01
7.8033309e+00 9.8046993e-01
8.9381570e+00 -3.4621024e-01
8.3961610e+00 9.1818107e-01
7.8200360e+00 -9.8367320e-01
8.2017479e+00 -9.7943748e-01
7.0037481e+00 -8.6499189e-02
7.1564460e+00 -5.3704435e-01
8.9724906e+00 -2.3294202e-01
8.8478979e+00 5.3015957e-01
7.3395160e+00 -7.5084010e-01
7.6507891e+00 9.3704417e-01
8.0206336e+00 -9.9978710e-01
7.1500925e+00 -5.2693189e-01
8.0499100e+00 -9.9875372e-01
7.9041953e+00 9.9540015e-01
7.8638237e+00 -9.9068462e-01
8.0287901e+00 9.9958548e-01
7.0036030e+00 -8.4812037e-02
8.9994634e+00 -3.2754326e-02
8.9917401e+00 1.2826401e-01
7.2109817e+00 6.1436970e-01
8.9960518e+00 -8.8774235e-02
7.2942494e+00 -7.0846037e-01
7.8802050e+00 9.9279865e-01
7.7491548e+00 -9.6802722e-01
7.1109072e+00 -4.5772705e-01
8.8354519e+00 5.4956355e-01
8.9627337e+00 2.7045099e-01
7.7746769e+00 9.7428409e-01
7.0518615e+00 -3.1785757e-01
7.9025287e+00 -9.9523834e-01
7.3018273e+00 7.1592936e-01
7.5026019e+00 -8.6752242e-01
8.3752372e+00 -9.2692882e-01
7.1077322e+00 -4.5150650e-01
8.4106686e+00 -9.1178467e-01
7.0012728e+00 5.0437484e-02
7.0463495e+00 -3.0091659e-01
8.9461800e+00 -3.2364087e-01
7.2619483e+00 -6.7474416e-01
8.5397053e+00 8.4185400e-01
8.0874530e+00 -9.9616865e-01
8.9988190e+00 4.8585336e-02
