-9.7324204e-01 -2.2978236e-01
8.3956643e-01 5.4325704e-01
-9.4778331e-01 -3.1891503e-01
-1.5526673e-01 9.8787258e-01
-4.1084698e-01 -9.1170431e-01
6.1194333e-01 7.9090161e-01
9.6575967e-01 2.5943835e-01
-8.2183796e-01 5.6972131e-01
-9.8169736e-01 1.9044759e-01
2.1494654e-01 9.7662582e-01
7.6387478e-01 -6.4536449e-01
-5.8742312e-01 8.0927997e-01
-9.9986188e-01 1.6620189e-02
-9.9992813e-01 -1.1988934e-02
-2.9618160e-01 -9.5513165e-01
-8.3331362e-01 5.5280051e-01
-9.6549701e-01 2.6041415e-01
-7.7605754e-01 -6.3066211e-01
-7.4678472e-02 9.9720766e-01
-8.3976057e-01 5.4295689e-01
6.9635303e-01 7.1769942e-01
9.9823332e-01 5.9415740e-02
-9.4844122e-01 3.1695308e-01
-3.0022820e-01 9.5386741e-01
3.9130996e-01 9.2025894e-01
3.4791154e-01 9.3752737e-01
9.9993136e-01 -1.1716380e-02
-8.2794468e-01 -5.6080978e-01
-9.8011425e-01 -1.9843400e-01
5.8559272e-01 -8.1060543e-01
-7.4929778e-01 6.6223322e-01
-5.9641542e-02 9.9821986e-01
-6.0451111e-01 7.9659671e-01
7.0050632e-01 7.1364620e-01
4.8667057e-01 8.7358557e-01
8.8865830e-01 4.5856999e-01
-9.9957137e-01 -2.9275911e-02
9.9908904e-01 4.2674317e-02
9.4839508e-01 3.1709112e-01
9.0215794e-01 -4.3140590e-01
-9.7828283e-01 2.0727445e-01
-5.9606436e-01 8.0293666e-01
-9.9990815e-01 -1.3553051e-02
2.0421015e-01 9.7892707e-01
-1.6812136e-01 -9.8576630e-01
-9.9487465e-01 1.0111592e-01
-7.9462894e-01 -6.0709541e-01
-4.6696947e-01 8.8427344e-01
6.4111444e-01 7.6744529e-01
-9.1787615e-01 -3.9686695e-01
9.8238372e-01 1.8687490e-01
-4.7465135e-01 8.8017390e-01
-8.7852272e-01 -4.7770057e-01
3.9806902e-01 9.1735547e-01
7.9280401e-01 -6.0947666e-01
4.0059830e-02 9.9919728e-01
-3.7341274e-01 -9.2766531e-01
9.9737981e-01 -7.2343096e-02
6.7408377e-01 7.3865491e-01
-2.9726928e-01 -9.5479368e-01
-8.8132651e-01 4.7250776e-01
-1.2357290e-01 9.9233550e-01
4.0549086e-01 -9.1409910e-01
9.8539912e-01 -1.7026032e-01
8.9550711e-01 -4.4504721e-01
-1.2372711e-01 9.9231628e-01
6.2099625e-01 -7.8381353e-01
-6.0015101e-01 7.9988672e-01
-9.7457162e-01 2.2407621e-01
7.4904056e-01 6.6252414e-01
-6.0738067e-01 -7.9441093e-01
9.7829048e-01 -2.0723834e-01
2.1109160e-01 -9.7746628e-01
-5.4568882e-01 8.3798790e-01
4.8251780e-01 -8.7588616e-01
1.8209714e-01 9.8328055e-01
8.6079069e-01 5.0895912e-01
2.3793827e-02 -9.9971689e-01
6.7056527e-01 -7.4185054e-01
7.4005061e-01 -6.7255119e-01
-2.9529986e-01 9.5540462e-01
-8.4515149e-01 5.3452686e-01
-5.9084946e-01 -8.0678182e-01
9.9472843e-01 -1.0254437e-01
-5.7268858e-01 -8.1977301e-01
5.8167052e-01 -8.1342449e-01
9.7986989e-01 1.9963719e-01
-9.9073489e-01 1.3581005e-01
-3.3249333e-01 -9.4310561e-01
-9.6863786e-01 2.4847677e-01
-4.8477075e-01 8.7464125e-01
-6.0239833e-01 7.9819562e-01
-7.8215318e-01 6.2308620e-01
-6.5591654e-01 -7.5483342e-01
-5.8397721e-01 -8.1177006e-01
-6.2672359e-01 7.7924165e-01
-6.6552115e-01 7.4637899e-01
8.3068353e-01 -5.5674489e-01
-9.9704566e-01 -7.6811144e-02
9.5647057e-01 -2.9182881e-01
5.9356888e-01 -8.0478319e-01
-9.7092900e-01 2.3936765e-01
-2.5055078e-01 -9.6810346e-01
8.6563219e-01 5.0068044e-01
9.7796930e-01 2.0874878e-01
8.9149078e-01 -4.5303885e-01
9.8625655e-01 -1.6522113e-01
4.3727552e-01 -8.9932759e-01
9.9960042e-01 2.8266691e-02
9.9961480e-01 2.7753538e-02
-9.0444786e-01 4.2658420e-01
2.9314661e-01 9.5606750e-01
-1.6946499e-01 9.8553621e-01
9.8795350e-01 -1.5475104e-01
5.7127360e-01 -8.2075969e-01
-9.9203710e-01 1.2594598e-01
1.7198050e-02 9.9985210e-01
-7.2522937e-01 6.8850734e-01
9.6327507e-01 -2.6851654e-01
9.7605886e-01 2.1750657e-01
6.2480520e-01 -7.8078067e-01
2.7924241e-01 9.6022064e-01
9.3847804e-01 3.4533892e-01
6.3432324e-01 -7.7306793e-01
-1.9342277e-01 -9.8111550e-01
6.8226592e-01 7.3110410e-01
5.9615084e-01 8.0287245e-01
1.2186543e-01 9.9254663e-01
7.6063604e+00 9.1926486e-01
7.1639440e+00 5.4864410e-01
7.5259738e+00 -8.8051072e-01
8.5518985e+00 8.3391132e-01
7.1387794e+00 -5.0823135e-01
8.7258900e+00 6.8781084e-01
8.9705231e+00 -2.4100819e-01
8.2757752e+00 -9.6122216e-01
7.2432404e+00 -6.5369330e-01
7.9233019e+00 9.9705436e-01
8.9696354e+00 -2.4455509e-01
8.7140677e+00 -7.0007666e-01
8.9901369e+00 -1.4010321e-01
7.3439794e+00 7.5474298e-01
8.9872669e+00 -1.5907248e-01
8.9871467e+00 -1.5981646e-01
8.5211210e+00 8.5348279e-01
8.6546141e+00 7.5596321e-01
8.9909539e+00 -1.3420275e-01
7.8215176e+00 9.8394311e-01
8.1646746e+00 -9.8634795e-01
8.5634162e+00 8.2617324e-01
8.9910173e+00 -1.3373384e-01
8.4523755e+00 8.9182756e-01
8.3670352e+00 -9.3020705e-01
8.8588548e+00 5.1221919e-01
8.9913830e+00 1.3099493e-01
7.0380957e+00 2.7338639e-01
7.1305402e+00 4.9400373e-01
7.4437958e+00 -8.3104568e-01
8.9775557e+00 -2.1067707e-01
7.3044523e+00 -7.1847997e-01
8.7931946e+00 6.0896824e-01
8.0315584e+00 9.9950191e-01
7.5416052e+00 8.8874866e-01
7.1932581e+00 -5.9090395e-01
8.0155630e+00 -9.9987889e-01
7.0041827e+00 -9.1366405e-02
7.8232036e+00 -9.8424744e-01
7.3757539e+00 7.8122774e-01
8.9999815e+00 6.0749475e-03
7.2162701e+00 -6.2110175e-01
8.9870061e+00 1.6068292e-01
8.5821812e+00 8.1305909e-01
7.0164213e+00 1.8047966e-01
8.0233680e+00 -9.9972693e-01
8.5385582e+00 -8.4258830e-01
7.0668033e+00 -3.5936596e-01
8.9678958e+00 -2.5135194e-01
8.1989151e+00 9.8001673e-01
7.6373277e+00 9.3191674e-01
7.5860962e+00 9.1032063e-01
8.5326820e+00 8.4631545e-01
8.5174480e+00 -8.5571468e-01
7.2180242e+00 -6.2330874e-01
7.5274118e+00 -8.8128337e-01
7.6090148e+00 9.2039696e-01
7.2944196e+00 7.0862985e-01
8.4897838e+00 -8.7184393e-01
7.0665893e+00 3.5880989e-01
7.7657127e+00 -9.7216741e-01
8.8800054e+00 -4.7496374e-01
7.6932939e+00 9.5180428e-01
7.1301727e+00 4.9335625e-01
8.9464989e+00 3.2270705e-01
7.6128712e+00 9.2202565e-01
8.4369964e+00 8.9946328e-01
8.3108579e+00 9.5045641e-01
8.8353963e+00 -5.4964815e-01
8.7934991e+00 6.0857144e-01
8.8363656e+00 5.4817200e-01
8.2922152e+00 9.5635260e-01
7.0112753e+00 1.4974485e-01
7.5921061e+00 9.1302934e-01
8.5413826e+00 -8.4077633e-01
8.5829273e+00 -8.1252431e-01
8.6674595e+00 -7.4464610e-01
7.2121878e+00 6.1591554e-01
7.1712929e+00 -5.5968253e-01
7.3316701e+00 7.4386499e-01
8.4590639e+00 -8.8840328e-01
8.7591209e+00 6.5094971e-01
7.6877219e+00 9.4999074e-01
7.9478889e+00 9.9864129e-01
8.9557342e+00 -2.9423159e-01
8.9998231e+00 -1.8807881e-02
7.2750306e+00 -6.8878105e-01
8.9951749e+00 -9.8117177e-02
7.4551343e+00 8.3852331e-01
8.9327840e+00 3.6043595e-01
7.5025257e+00 8.6747872e-01
7.0822912e+00 3.9725366e-01
8.4690436e+00 -8.8317503e-01
7.4741104e+00 -8.5055286e-01
8.1097445e+00 -9.9395983e-01
7.2233313e+00 6.2990929e-01
8.2915716e+00 -9.5654901e-01
7.3663718e+00 7.7363767e-01
8.8426695e+00 -5.3843111e-01
7.9291896e+00 -9.9748979e-01
8.9972507e+00 -7.4100923e-02
7.8945276e+00 -9.9442223e-01
7.1245173e+00 4.8324942e-01
7.0092202e+00 -1.3548183e-01
8.4643396e+00 -8.8565722e-01
8.2656704e+00 -9.6406392e-01
8.6489394e+00 -7.6084009e-01
7.0050261e+00 1.0013437e-01
8.9975140e+00 7.0468729e-02
7.0391221e+00 -2.7697224e-01
7.0926742e+00 4.2042827e-01
8.9853824e+00 1.7035731e-01
8.0441289e+00 9.9902585e-01
7.6881813e+00 9.5014161e-01
7.6320493e+00 -9.2984531e-01
7.7293966e+00 -9.6269092e-01
7.3571033e+00 7.6595292e-01
7.2566552e+00 6.6890843e-01
7.0010744e+00 4.6343592e-02
8.4374997e+00 -8.9921858e-01
8.5622943e+00 8.2693718e-01
8.9978856e+00 6.4995447e-02
7.7506317e+00 9.6840871e-01
8.8887551e+00 -4.5838235e-01
7.7196335e+00 9.5989303e-01
7.8918252e+00 -9.9413189e-01
8.6394957e+00 7.6879464e-01
8.6215316e+00 -7.8338907e-01
