7.6619285e-01 6.4261070e-01
2.1451749e-01 -9.7672015e-01
6.4831802e-01 7.6136965e-01
3.6198440e-01 -9.3218415e-01
9.7479755e-01 2.2309130e-01
-9.9988698e-01 -1.5034243e-02
-7.9963509e-01 6.0048624e-01
-9.8087363e-01 1.9464561e-01
-9.9435415e-01 -1.0611234e-01
6.1874232e-01 7.8559400e-01
4.1529796e-01 -9.0968544e-01
9.2584866e-01 3.7789451e-01
8.1622712e-01 5.7773116e-01
8.9001623e-01 4.5592884e-01
9.9749640e-01 7.0717251e-02
-1.9176612e-01 -9.8144065e-01
-9.8197891e-01 1.8899053e-01
-9.7365708e-01 2.2801732e-01
4.9773240e-01 8.6733065e-01
-1.8747844e-01 -9.8226872e-01
-2.0974331e-01 9.7775648e-01
8.9740540e-01 4.4120693e-01
-8.3607172e-01 -5.4862015e-01
9.7053933e-01 2.4094275e-01
-9.7114577e-01 -2.3848669e-01
-3.4908178e-01 -9.3709226e-01
9.9833986e-01 5.7598010e-02
3.7668499e-01 9.2634142e-01
-8.7957637e-01 4.7575771e-01
-8.7383626e-02 9.9617473e-01
4.2456799e-01 9.0539606e-01
9.7400730e-01 2.2651660e-01
-9.9655349e-01 -8.2952686e-02
8.0020325e-01 5.9972891e-01
-5.1438808e-01 -8.5755752e-01
-4.9329370e-01 8.6986282e-01
3.8930843e-01 9.2110746e-01
9.7823773e-01 2.0748719e-01
-5.8046474e-01 -8.1428538e-01
9.1309814e-01 -4.0773984e-01
9.7537171e-01 -2.2056751e-01
-9.7607864e-01 -2.1741779e-01
9.7198044e-01 -2.3506175e-01
7.2643926e-01 -6.8723067e-01
7.8403179e-01 -6.2072067e-01
-3.3927360e-01 -9.4068774e-01
1.5963045e-01 -9.8717684e-01
-9.7120471e-01 2.3824653e-01
2.0806228e-01 9.7811558e-01
4.6972714e-01 -8.8281165e-01
-8.6563567e-01 -5.0067444e-01
7.9456166e-01 -6.0718347e-01
-1.4284596e-01 -9.8974493e-01
-9.9373894e-01 -1.1172695e-01
-5.3887957e-01 8.4238282e-01
9.7628241e-01 -2.1650095e-01
9.5222876e-01 -3.0538565e-01
8.9884486e-01 -4.3826696e-01
-9.7162518e-01 -2.3652591e-01
9.1752887e-01 3.9766918e-01
-7.7187761e-01 -6.3577115e-01
6.9332588e-01 -7.2062419e-01
6.3489271e-01 7.7260032e-01
2.4979578e-01 9.6829854e-01
-6.5057067e-01 -7.5944572e-01
-9.9807401e-01 6.2034379e-02
6.2734194e-02 9.9803027e-01
-8.8530458e-01 4.6501162e-01
9.7344561e-01 -2.2891844e-01
8.4484384e-01 -5.3501298e-01
5.0965214e-01 8.6038055e-01
-4.6634616e-01 -8.8460232e-01
-9.2693921e-01 -3.7521155e-01
-8.0997946e-01 -5.8645825e-01
9.8882116e-01 1.4910640e-01
-5.9352131e-01 8.0481828e-01
6.6371728e-01 -7.4798353e-01
8.5777011e-01 5.1403350e-01
-2.4834822e-02 9.9969157e-01
4.4358018e-01 8.9623469e-01
9.4622472e-01 -3.2351008e-01
9.6281426e-01 -2.7016421e-01
-8.6027631e-01 5.0982808e-01
6.2699581e-01 7.7902263e-01
-7.9671760e-01 -6.0435178e-01
9.2516757e-01 3.7955892e-01
-7.9295070e-01 -6.0928581e-01
-8.4210995e-02 9.9644795e-01
-3.2153808e-01 -9.4689665e-01
-8.8200807e-01 4.7123430e-01
9.7663120e-01 2.1492207e-01
5.0980347e-01 -8.6029089e-01
8.6659372e-01 -4.9901436e-01
7.2218172e-01 -6.9170338e-01
8.8980110e-01 4.5634856e-01
9.8002430e-01 1.9887776e-01
-9.8762224e-01 1.5685123e-01
-6.7036504e-01 7.4203147e-01
-2.9236364e-01 9.5630722e-01
4.1775444e-01 9.0855997e-01
6.9040382e-02 -9.9761387e-01
-9.9701403e-01 7.7220627e-02
-9.4757853e-01 -3.1952297e-01
2.4019519e-02 9.9971149e-01
-4.0377289e-01 9.1485925e-01
2.8172382e-01 9.5949554e-01
-6.1251232e-01 7.9046104e-01
-9.7128162e-01 2.3793281e-01
1.0337880e-01 -9.9464206e-01
-9.9905168e-01 4.3540212e-02
8.9849143e-01 -4.3899107e-01
5.3070130e-01 -8.4755893e-01
6.4416032e-01 -7.6489051e-01
-3.8450964e-01 -9.2312098e-01
-7.7881766e-01 6.2725039e-01
-9.7334755e-01 -2.2933500e-01
3.7598110e-01 -9.2662733e-01
-5.5495654e-02 9.9845893e-01
6.7914236e-01 7.3400658e-01
8.8435319e-01 4.6681842e-01
-1.9791174e-02 9.9980414e-01
5.2539953e-01 -8.5085565e-01
-7.8393624e-01 -6.2084135e-01
1.5054023e-01 9.8860388e-01
5.3983528e-02 -9.9854183e-01
9.6714013e-01 -2.5424392e-01
-9.9090358e-01 1.3457378e-01
8.9215652e-01 -4.5172641e-01
8.3220624e+00 -9.4671843e-01
7.7702410e+00 9.7324756e-01
7.0389888e+00 -2.7650951e-01
7.0001445e+00 1.7002195e-02
7.0301498e+00 -2.4370178e-01
8.0123664e+00 9.9992353e-01
7.0201948e+00 1.9995429e-01
8.9124433e+00 -4.0920318e-01
7.0023932e+00 -6.9142907e-02
7.1199021e+00 4.7479233e-01
7.5399904e+00 8.8791395e-01
7.2628726e+00 6.7575380e-01
7.2387294e+00 -6.4843430e-01
7.0861296e+00 4.0600607e-01
8.1924585e+00 -9.8130511e-01
8.0694130e+00 9.9758801e-01
8.9382404e+00 -3.4598394e-01
8.7281042e+00 -6.8546648e-01
8.8114768e+00 5.8438469e-01
7.0280047e+00 2.3500015e-01
7.0181898e+00 1.8986510e-01
8.8373323e+00 5.4669421e-01
8.0302250e+00 -9.9954312e-01
8.1030909e+00 -9.9467194e-01
7.0595177e+00 3.3984259e-01
8.9326254e+00 3.6084599e-01
7.6673399e+00 9.4304680e-01
7.1277808e+00 -4.8911522e-01
8.3818203e+00 -9.2423657e-01
7.2712078e+00 6.8473489e-01
7.0042786e+00 -9.2406431e-02
7.9027472e+00 9.9525971e-01
7.0229121e+00 2.1283619e-01
8.8169357e+00 5.7672872e-01
7.0229459e+00 2.1299141e-01
7.3512635e+00 7.6101312e-01
7.3390826e+00 -7.5045865e-01
7.4446259e+00 -8.3160065e-01
8.8435734e+00 -5.3701389e-01
8.7124450e+00 7.0172799e-01
8.2108098e+00 -9.7752710e-01
7.8252224e+00 9.8460793e-01
8.8478180e+00 -5.3028730e-01
7.6366828e+00 -9.3166551e-01
8.4754235e+00 -8.7975705e-01
8.9500136e+00 -3.1220854e-01
7.0641923e+00 -3.5251083e-01
7.2119798e+00 -6.1564940e-01
8.3910737e+00 9.2035938e-01
7.1157395e+00 4.6699401e-01
8.1943185e+00 -9.8093850e-01
7.6389873e+00 9.3256088e-01
8.5377957e+00 8.4307517e-01
8.5964150e+00 8.0267624e-01
7.0464862e+00 3.0134935e-01
7.8433844e+00 -9.8765963e-01
8.9997583e+00 2.1985519e-02
8.4916292e+00 -8.7080462e-01
8.9809662e+00 -1.9417878e-01
7.1827899e+00 5.7633981e-01
8.4616745e+00 8.8704942e-01
7.3625755e+00 7.7051279e-01
7.1350652e+00 -5.0188427e-01
8.0560691e+00 9.9842689e-01
8.7306564e+00 6.8274534e-01
7.0555279e+00 -3.2859149e-01
7.5800781e+00 9.0756026e-01
8.3653660e+00 9.3086393e-01
8.9331014e+00 3.5961340e-01
8.5886625e+00 -8.0837891e-01
7.1079303e+00 4.5189774e-01
7.0676947e+00 3.6167214e-01
8.9994123e+00 3.4279775e-02
7.2592488e+00 6.7177952e-01
7.0066140e+00 -1.1482236e-01
7.0019228e+00 -6.1983467e-02
8.8941186e+00 -4.4783030e-01
7.3424081e+00 7.5337434e-01
8.5508382e+00 -8.3461207e-01
7.0167759e+00 -1.8240147e-01
7.8602576e+00 -9.9018789e-01
8.5354322e+00 8.4457824e-01
7.2625526e+00 6.7540460e-01
7.2405199e+00 -6.5053053e-01
7.0402940e+00 2.8100600e-01
7.5041595e+00 8.6841361e-01
7.0865729e+00 -4.0700238e-01
7.3510645e+00 -7.6084338e-01
8.8624771e+00 -5.0609617e-01
7.1029340e+00 4.4189666e-01
7.2874918e+00 -7.0166374e-01
7.9481618e+00 -9.9865550e-01
7.1404855e+00 5.1111141e-01
8.6684810e+00 -7.4372924e-01
7.9712314e+00 9.9958610e-01
8.6858752e+00 -7.2771922e-01
8.1915284e+00 -9.8148708e-01
7.0409032e+00 -2.8307824e-01
7.7316800e+00 -9.6332983e-01
7.8178318e+00 9.8326737e-01
8.7458212e+00 -6.6614621e-01
8.1715219e+00 9.8518031e-01
8.5782465e+00 8.1586209e-01
8.9872318e+00 -1.5928993e-01
8.1883183e+00 -9.8210805e-01
7.1837333e+00 5.7767523e-01
7.7196347e+00 -9.5989339e-01
7.9177076e+00 -9.9660823e-01
8.4586199e+00 8.8863254e-01
7.5413783e+00 8.8863158e-01
7.0647309e+00 3.5393753e-01
8.8845289e+00 -4.6648549e-01
7.0259299e+00 2.2624630e-01
7.2944915e+00 7.0870147e-01
7.9668101e+00 -9.9944906e-01
8.2052744e+00 9.7870446e-01
8.2189240e+00 9.7574191e-01
7.1543934e+00 5.3380667e-01
8.8232455e+00 5.6768552e-01
8.9870231e+00 1.6057816e-01
7.0234817e+00 2.1543459e-01
8.9974235e+00 -7.1738285e-02
7.8959870e+00 9.9457594e-01
8.9161110e+00 -4.0092466e-01
8.9824416e+00 1.8657024e-01
7.0782093e+00 -3.8768785e-01
8.5968517e+00 8.0235161e-01
8.4340436e+00 -9.0089186e-01
