8.1421513e-01 -5.8056327e-01
9.5337575e-01 -3.0178581e-01
9.1277213e-01 4.0846913e-01
-8.7311653e-01 -4.8751157e-01
-8.7613318e-01 -4.8206914e-01
9.0955973e-01 4.1557323e-01
9.9187149e-01 1.2724368e-01
7.3957503e-01 -6.7307412e-01
9.8230888e-01 -1.8726788e-01
-9.8669004e-01 -1.6261232e-01
5.3191184e-01 8.4679973e-01
-6.4333712e-01 -7.6558301e-01
9.1617481e-01 4.0077890e-01
-4.0417432e-01 -9.1468198e-01
6.7055547e-01 -7.4185939e-01
-9.9999244e-01 -3.8881086e-03
1.9090978e-01 -9.8160759e-01
-3.2399339e-02 -9.9947500e-01
-6.4846442e-01 7.6124496e-01
-1.1190862e-01 9.9371850e-01
1.6844744e-01 9.8571064e-01
9.8317910e-01 -1.8264407e-01
2.9645020e-01 9.5504831e-01
9.2749381e-01 3.7383852e-01
-9.6534330e-01 2.6098335e-01
9.6963054e-01 2.4457434e-01
3.3052630e-01 9.4379678e-01
8.0914322e-01 -5.8761148e-01
-2.5712068e-01 -9.6637930e-01
-8.9561764e-01 -4.4482474e-01
1.6665727e-01 9.8601489e-01
-7.0832803e-01 -7.0588342e-01
9.6351122e-01 -2.6766793e-01
-8.6485929e-01 5.0201435e-01
-9.7305390e-01 2.3057776e-01
9.9466589e-01 1.0314922e-01
9.9777809e-01 -6.6624893e-02
-3.5643284e-01 -9.3432095e-01
4.6990893e-01 -8.8271490e-01
-4.6272372e-01 -8.8650254e-01
-9.9429827e-01 1.0663462e-01
6.4539678e-01 -7.6384750e-01
-9.8626504e-01 -1.6517045e-01
-3.7307084e-01 9.2780286e-01
9.3130936e-01 -3.6422914e-01
-8.3235296e-01 -5.5424593e-01
-8.3085816e-01 -5.5648425e-01
-5.5457872e-01 8.3213126e-01
-5.0493468e-01 8.6315756e-01
-9.5955551e-01 -2.8151950e-01
-4.4866217e-01 8.9370143e-01
-8.9102961e-01 -4.5394519e-01
-7.4568947e-01 6.6629364e-01
-4.8638532e-01 8.7374443e-01
1.3772297e-01 -9.9047079e-01
6.9812386e-02 -9.9756014e-01
9.9392481e-01 -1.1006122e-01
9.4474156e-01 -3.2781609e-01
-9.2734134e-01 3.7421658e-01
-6.7410462e-01 -7.3863588e-01
2.0405543e-01 9.7895934e-01
-9.3111572e-01 -3.6472390e-01
-9.9940429e-01 3.4511712e-02
-3.5009599e-03 -9.9999387e-01
-5.8978639e-01 8.0755930e-01
-2.5927184e-01 -9.6580439e-01
-8.1475429e-01 5.7980638e-01
-9.9997786e-01 -6.6542026e-03
9.6549464e-01 2.6042293e-01
-6.4548062e-01 7.6377665e-01
-8.7741771e-01 4.7972718e-01
3.5568339e-01 9.3460651e-01
-4.4174430e-01 -8.9714100e-01
-9.0463882e-01 -4.2617907e-01
9.9823312e-01 -5.9419127e-02
8.3672423e-01 -5.4762447e-01
9.5133619e-01 -3.0815491e-01
8.3303738e-01 -5.5321671e-01
9.9060317e-01 -1.3676751e-01
9.9762260e-01 -6.8914023e-02
-3.4264076e-01 -9.3946650e-01
5.3623592e-01 -8.4406815e-01
-5.3791814e-01 8.4299708e-01
6.3003198e-01 7.7656918e-01
9.0054219e-01 4.3476864e-01
1.4564792e-01 9.8933649e-01
-9.0085968e-01 -4.3411040e-01
-8.6352398e-01 -5.0430778e-01
-7.4961209e-01 -6.6187742e-01
9.5682217e-01 2.9067394e-01
-1.1961182e-01 9.9282074e-01
-3.1062449e-01 -9.5053271e-01
-9.9502086e-01 9.9666860e-02
4.6864137e-01 -8.8338852e-01
1.7223590e-01 9.8505573e-01
-4.9410017e-01 -8.6940498e-01
-6.0550431e-01 7.9584202e-01
-7.0252382e-01 7.1166023e-01
-2.6868277e-01 -9.6322872e-01
9.0793798e-01 4.1910455e-01
-9.9633091e-01 8.5584514e-02
-5.2449775e-01 -8.5141183e-01
-8.3041433e-01 -5.5714633e-01
-7.8792313e-01 -6.1577362e-01
9.1280699e-01 4.0839123e-01
-7.0258863e-01 -7.1159625e-01
5.9453011e-01 8.0407335e-01
9.2256249e-03 -9.9995744e-01
-1.8003878e-02 -9.9983792e-01
-2.0685939e-01 -9.7837068e-01
4.4396895e-01 8.9604217e-01
4.5562295e-01 -8.9017286e-01
-5.5262105e-01 8.3343264e-01
-7.6652794e-01 6.4221096e-01
8.8307615e-01 4.6922970e-01
-7.9098842e-01 6.1183112e-01
1.3287611e-01 -9.9113265e-01
8.5601845e-01 5.1694527e-01
5.1574222e-01 -8.5674382e-01
-9.5959373e-01 -2.8138917e-01
-9.9852515e-01 5.4291165e-02
-9.1670325e-01 3.9956871e-01
6.4833553e-01 -7.6135474e-01
-9.8795777e-01 1.5472376e-01
3.4330982e-01 9.3922221e-01
-8.0939757e-01 -5.8726108e-01
-5.5606209e-01 -8.3114075e-01
5.4199531e-01 -8.4038151e-01
7.6771358e+00 9.4644529e-01
7.5375523e+00 8.8664656e-01
7.1451512e+00 5.1887713e-01
8.9782810e+00 -2.0728323e-01
7.5023183e+00 8.6735973e-01
8.7675969e+00 -6.4093291e-01
8.9598408e+00 2.8054515e-01
7.5027593e+00 8.6761263e-01
7.2527212e+00 -6.6451068e-01
7.0640092e+00 -3.5202445e-01
8.7927843e+00 6.0950231e-01
8.9985160e+00 -5.4459551e-02
7.0954790e+00 -4.2642916e-01
8.6416877e+00 -7.6696601e-01
8.8243421e+00 5.6609192e-01
8.7271060e+00 6.8652518e-01
8.9995332e+00 3.0551477e-02
7.4982775e+00 -8.6502862e-01
8.9626489e+00 -2.7075270e-01
8.4821075e+00 -8.7611207e-01
8.9158154e+00 4.0159958e-01
7.3450470e+00 -7.5566959e-01
8.2479158e+00 -9.6878157e-01
8.3464009e+00 9.3808659e-01
7.0356148e+00 2.6450165e-01
7.0426771e+00 -2.8902047e-01
8.2867768e+00 -9.5799742e-01
7.1523502e+00 -5.3055615e-01
7.1445934e+00 -5.1795709e-01
7.1796443e+00 5.7185355e-01
8.9935509e+00 -1.1338718e-01
8.9658507e+00 2.5909914e-01
8.6012499e+00 -7.9906104e-01
7.1184036e+00 -4.7200406e-01
7.0139209e+00 1.6627681e-01
7.3170975e+00 -7.3050954e-01
8.6801329e+00 7.3308879e-01
7.0513172e+00 3.1622939e-01
7.1339064e+00 4.9988182e-01
7.0167978e+00 1.8251965e-01
8.7244152e+00 -6.8936389e-01
8.0495203e+00 9.9877312e-01
7.1572680e+00 -5.3833333e-01
8.2461671e+00 -9.6922741e-01
8.9914998e+00 1.3010794e-01
8.8499836e+00 5.2680913e-01
8.8749642e+00 -4.8418769e-01
7.7466942e+00 -9.6738625e-01
7.1970818e+00 -5.9608921e-01
8.4311133e+00 9.0229778e-01
8.2093177e+00 -9.7784768e-01
8.3654471e+00 9.3083212e-01
8.4883755e+00 -8.7263356e-01
8.5460039e+00 8.3778261e-01
8.2947657e+00 -9.5556957e-01
8.9925635e+00 1.2172815e-01
7.3696706e+00 7.7632779e-01
8.6249964e+00 -7.8062762e-01
8.6252183e+00 7.8044995e-01
8.4164078e+00 9.0917795e-01
8.9099624e+00 4.1469074e-01
7.9036144e+00 9.9534407e-01
8.8000852e+00 5.9988642e-01
8.9921820e+00 -1.2479973e-01
7.8958066e+00 9.9455706e-01
8.8508537e+00 5.2540263e-01
8.2462154e+00 9.6921513e-01
7.9973477e+00 -9.9999648e-01
8.9931019e+00 -1.1725426e-01
7.4845720e+00 -8.5693289e-01
8.5957617e+00 8.0316126e-01
8.7520458e+00 6.5911081e-01
8.6976569e+00 7.1643199e-01
7.0352194e+00 -2.6305591e-01
7.8376837e+00 9.8673878e-01
7.4847976e+00 8.5706854e-01
7.0025287e+00 -7.1069829e-02
8.9395127e+00 3.4251420e-01
8.3811949e+00 -9.2449469e-01
7.1000500e+00 4.3599309e-01
8.9487325e+00 3.1608018e-01
8.8337778e+00 -5.5210012e-01
8.5109113e+00 -8.5963344e-01
7.1420847e+00 5.1379113e-01
7.1974140e+00 5.9653644e-01
8.3725436e+00 -9.2801471e-01
7.6963098e+00 -9.5277083e-01
8.1514523e+00 9.8846457e-01
7.0211602e+00 -2.0462817e-01
8.3038878e+00 -9.5270782e-01
8.2306066e+00 9.7304706e-01
7.0135266e+00 -1.6392147e-01
8.9083293e+00 4.1825577e-01
7.3385869e+00 7.5002177e-01
8.1266390e+00 -9.9194887e-01
8.0568147e+00 9.9838474e-01
8.3787180e+00 -9.2551211e-01
7.5781454e+00 9.0666348e-01
8.9977540e+00 -6.6985424e-02
8.1530325e+00 9.8822116e-01
8.4366092e+00 -8.9965128e-01
8.9106113e+00 -4.1326384e-01
8.1160804e+00 -9.9323982e-01
7.5566625e+00 8.9635476e-01
8.3983484e+00 9.1723419e-01
7.4038362e+00 8.0286280e-01
7.0294705e+00 2.4098221e-01
7.2832352e+00 6.9731496e-01
7.0173777e+00 -1.8561637e-01
7.2500310e+00 6.6147296e-01
8.0267441e+00 -9.9964231e-01
7.9044503e+00 9.9542466e-01
8.5892060e+00 8.0798288e-01
7.0826899e+00 -3.9817355e-01
8.9424846e+00 -3.3424950e-01
8.3553922e+00 9.3471727e-01
7.4928516e+00 -8.6185874e-01
8.9682624e+00 2.4993583e-01
8.9840336e+00 -1.7798255e-01
7.6003321e+00 -9.1666000e-01
8.4450324e+00 -8.9551447e-01
8.9874031e+00 1.5822464e-01
8.1520906e+00 -9.8836656e-01
8.2823064e+00 -9.5932430e-01
8.9626900e+00 2.7060660e-01
8.3414498e+00 9.3990002e-01
8.9893537e+00 1.4553093e-01
7.0099347e+00 -1.4060798e-01
