-9.3230590e-01 3.6167071e-01
-8.1618056e-01 5.7779693e-01
8.8963506e-01 4.5667216e-01
7.0045041e-01 -7.1370108e-01
1.4844357e-01 -9.8892088e-01
-9.9307563e-01 1.1747679e-01
-7.7327647e-01 -6.3406900e-01
-2.5705342e-01 9.6639720e-01
-2.9886031e-01 9.5429687e-01
5.3658610e-02 -9.9855934e-01
-9.9932768e-01 3.6663106e-02
3.9682199e-02 -9.9921235e-01
-6.4614959e-01 -7.6321079e-01
9.9990389e-01 1.3863741e-02
-1.9616553e-02 -9.9980758e-01
-6.9151981e-01 7.2235750e-01
7.9002207e-01 -6.1307841e-01
-9.7805832e-01 -2.0833127e-01
-2.9437994e-01 9.5568847e-01
-9.7707034e-01 -2.1291679e-01
7.2121223e-01 6.9271417e-01
7.8811215e-01 6.1553167e-01
-7.1073885e-01 7.0345596e-01
4.8597291e-01 8.7397387e-01
-8.5311808e-01 -5.2171788e-01
4.3544795e-01 -9.0021391e-01
5.6538238e-01 8.2482893e-01
6.8438419e-01 -7.2912158e-01
-5.4574706e-01 -8.3794997e-01
4.7897011e-01 -8.7783121e-01
-6.7080832e-01 -7.4163077e-01
-9.6530733e-01 2.6111638e-01
5.5799542e-01 -8.2984403e-01
9.8543918e-01 -1.7002827e-01
9.4891139e-01 3.1554267e-01
-9.9537814e-01 9.6033155e-02
-3.7123943e-01 -9.2853717e-01
9.3082362e-01 -3.6546873e-01
9.1478425e-01 -4.0394279e-01
-9.3646007e-02 -9.9560556e-01
7.1155045e-01 -7.0263501e-01
9.7055245e-01 2.4088988e-01
-1.1437316e-01 -9.9343786e-01
-4.2615798e-01 -9.0464876e-01
9.9906214e-01 -4.3299344e-02
-5.5905027e-02 -9.9843609e-01
-9.9947340e-01 -3.2448638e-02
-7.2784973e-01 6.8573666e-01
-8.2313326e-01 5.6784826e-01
9.1885801e-01 -3.9458835e-01
-8.8993657e-01 -4.5608431e-01
2.2491416e-01 9.7437858e-01
-1.3154147e-01 -9.9131067e-01
9.9981181e-01 1.9399585e-02
-9.8289076e-01 -1.8418945e-01
-4.4989581e-01 -8.9308105e-01
-8.3707185e-01 5.4709297e-01
-5.5345667e-01 -8.3287797e-01
9.0545017e-01 4.2445257e-01
-2.2430223e-01 -9.7451963e-01
-8.1379557e-01 -5.8115124e-01
9.2228263e-01 3.8651617e-01
1.6808766e-01 9.8577205e-01
-5.3640230e-01 -8.4396242e-01
-5.7081935e-01 -8.2107568e-01
9.2322020e-01 3.8427135e-01
-9.9866673e-01 5.1621408e-02
-8.2978642e-01 -5.5808108e-01
2.6398577e-01 9.6452657e-01
9.7743410e-01 -2.1124059e-01
-3.3192262e-01 9.4330662e-01
-8.7885072e-01 -4.7709686e-01
-3.6438182e-01 9.3124964e-01
-7.7478787e-01 6.3222129e-01
9.8886626e-01 -1.4880696e-01
-7.8436028e-01 6.2030553e-01
9.8390427e-01 1.7869634e-01
7.7422890e-01 6.3290569e-01
4.0978657e-01 9.1218143e-01
7.1547655e-01 -6.9863675e-01
9.9120011e-01 -1.3237196e-01
9.9840206e-01 -5.6509489e-02
-9.6810953e-01 2.5052731e-01
-5.1237998e-01 8.5875885e-01
-3.1787052e-02 9.9949466e-01
-2.7203380e-01 -9.6228770e-01
-4.4997275e-01 8.9304229e-01
3.7849623e-01 -9.2560283e-01
-9.6258810e-01 -2.7096890e-01
7.7352530e-01 -6.3376542e-01
-8.4975623e-01 -5.2717582e-01
3.4773887e-01 9.3759142e-01
-9.8740103e-01 1.5823782e-01
-6.9668622e-01 7.1737599e-01
-9.8622069e-01 1.6543501e-01
-8.3992695e-01 5.4269947e-01
-6.6365240e-01 -7.4804110e-01
-2.3788169e-01 9.7129414e-01
-4.0353897e-01 9.1496246e-01
-9.8741711e-02 -9.9511310e-01
7.6703776e-01 6.4160196e-01
6.4184452e-01 -7.6683480e-01
-4.2685962e-01 -9.0431790e-01
-3.9261968e-01 -9.1970092e-01
9.9870470e-01 -5.0881474e-02
6.8281728e-01 -7.3058919e-01
-1.0340590e-01 9.9463924e-01
9.8791411e-01 1.5500227e-01
-9.9391891e-01 -1.1011450e-01
9.9092699e-01 1.3440128e-01
-8.2000460e-01 5.7235693e-01
7.5568606e-01 6.5493403e-01
-8.8712895e-01 -4.6152165e-01
9.4268134e-01 3.3369430e-01
-1.6671031e-01 -9.8600592e-01
-5.3889122e-01 8.4237536e-01
1.0726991e-01 9.9422994e-01
4.2738303e-01 9.0407065e-01
9.9543328e-01 -9.5459909e-02
3.4916614e-01 9.3706084e-01
-9.9613605e-01 -8.7823543e-02
-9.9003614e-01 -1.4081350e-01
4.0621108e-01 9.1377927e-01
9.9865800e-01 5.1789882e-02
-9.9884640e-01 4.8019500e-02
7.8072444e-01 -6.2487547e-01
-9.9138057e-01 1.3101362e-01
-9.9466513e-01 1.0315658e-01
7.2580314e+00 -6.7043465e-01
8.8669221e+00 -4.9844360e-01
8.2277108e+00 -9.7372881e-01
7.9408836e+00 9.9825109e-01
7.0058587e+00 1.0808845e-01
7.4165950e+00 8.1218142e-01
7.1875899e+00 -5.8308647e-01
7.3074914e+00 -7.2140962e-01
7.5293749e+00 -8.8233329e-01
7.8939605e+00 -9.9436192e-01
7.0229283e+00 2.1291061e-01
7.0388898e+00 2.7616523e-01
8.1011017e+00 9.9487610e-01
7.1720489e+00 5.6080033e-01
8.2988518e+00 -9.5429953e-01
7.3922635e+00 7.9413873e-01
8.1084776e+00 9.9409890e-01
7.0003189e+00 -2.5254041e-02
8.1331594e+00 -9.9109464e-01
8.2536201e+00 -9.6730390e-01
8.8730492e+00 4.8763217e-01
7.0058916e+00 -1.0839026e-01
8.4290151e+00 9.0329731e-01
7.5656281e+00 9.0073364e-01
8.2877968e+00 9.5769150e-01
8.4953038e+00 8.6871982e-01
7.2287933e+00 -6.3658478e-01
8.1718706e+00 -9.8511953e-01
7.7487411e+00 9.6791991e-01
7.7719984e+00 9.7366075e-01
7.0400966e+00 -2.8033098e-01
7.3685094e+00 -7.7538352e-01
8.4185364e+00 -9.0820000e-01
8.9963626e+00 8.5214769e-02
7.6291698e+00 -9.2870068e-01
7.8926075e+00 9.9421670e-01
8.9999647e+00 8.4002726e-03
7.2580088e+00 -6.7040961e-01
7.6880905e+00 9.5011181e-01
7.0073506e+00 -1.2102550e-01
8.9920649e+00 -1.2572682e-01
8.9774438e+00 2.1119578e-01
8.3997135e+00 -9.1664013e-01
8.5983464e+00 -8.0123752e-01
7.0419072e+00 -2.8645811e-01
8.9966385e+00 -8.1924796e-02
7.0225150e+00 -2.1100475e-01
8.5617436e+00 -8.2731138e-01
7.0530555e+00 -3.2139720e-01
7.2993472e+00 -7.1350234e-01
8.7091648e+00 -7.0504275e-01
8.5242919e+00 -8.5153861e-01
7.3353679e+00 7.4717074e-01
8.8948888e+00 4.4628914e-01
8.9747403e+00 -2.2334151e-01
8.0511547e+00 -9.9869074e-01
8.6560580e+00 -7.5471047e-01
8.6012906e+00 -7.9903046e-01
7.5565785e+00 -8.9631323e-01
8.4540516e+00 -8.9097541e-01
8.6775706e+00 7.3545774e-01
8.5690146e+00 -8.2232743e-01
7.3660679e+00 -7.7338873e-01
8.5814764e+00 8.1356331e-01
8.9999928e+00 3.7863434e-03
7.8497076e+00 -9.8864160e-01
8.9965022e+00 8.3566564e-02
7.8124891e+00 9.8226252e-01
8.5625797e+00 -8.2674304e-01
8.9832202e+00 -1.8242265e-01
8.9844821e+00 1.7548488e-01
7.0360732e+00 2.6616742e-01
8.9842219e+00 1.7693852e-01
7.0662411e+00 -3.5790261e-01
8.5193812e+00 8.5454267e-01
8.9637977e+00 2.6663466e-01
7.0210321e+00 -2.0401455e-01
8.9972512e+00 7.4094365e-02
7.7437994e+00 9.6662363e-01
8.7367701e+00 -6.7614336e-01
8.6919180e+00 -7.2197612e-01
7.0807161e+00 3.9359520e-01
7.0617840e+00 3.4605009e-01
8.6182399e+00 7.8598944e-01
7.6832962e+00 9.4852448e-01
8.9832687e+00 -1.8216100e-01
8.2379195e+00 9.7128487e-01
7.7095291e+00 -9.5688382e-01
7.7955732e+00 -9.7888185e-01
7.0054775e+00 -1.0452285e-01
8.9732113e+00 2.2991271e-01
8.6033040e+00 7.9751129e-01
8.4935717e+00 -8.6970513e-01
8.9674785e+00 -2.5295345e-01
7.0707998e+00 -3.6957673e-01
8.6659537e+00 7.4599303e-01
7.9428616e+00 9.9836627e-01
8.2396624e+00 9.7085630e-01
7.2807806e+00 6.9478301e-01
8.8225517e+00 5.6869034e-01
7.0844674e+00 4.0224368e-01
8.8104547e+00 -5.8580134e-01
8.2273655e+00 9.7380949e-01
7.4877705e+00 8.5884861e-01
8.9368700e+00 3.4967782e-01
8.7362525e+00 6.7670691e-01
8.2304992e+00 9.7307252e-01
7.1755447e+00 5.6592709e-01
7.6652357e+00 9.4230188e-01
7.2226867e+00 -6.2911375e-01
8.9349721e+00 3.5472137e-01
7.0011226e+00 -4.7369462e-02
7.6092760e+00 -9.2050788e-01
7.2325726e+00 -6.4113585e-01
7.9879965e+00 -9.9992796e-01
7.6589394e+00 9.4004133e-01
7.8473490e+00 9.8828015e-01
7.4149236e+00 -8.1097820e-01
8.2361488e+00 -9.7171691e-01
7.4179709e+00 -8.1316797e-01
7.0030650e+00 7.8233938e-02
7.0385999e+00 2.7515435e-01
7.4546997e+00 -8.3824074e-01
7.2729431e+00 -6.8657723e-01
8.9741107e+00 -2.2607152e-01
7.2452444e+00 -6.5600608e-01
8.6451492e+00 7.6405660e-01
7.0028536e+00 7.5492126e-02
